
                     0.1                     0.031048486
                  0.1099                     0.034095707
                  0.1198                     0.037141426
                  0.1297                     0.040185407
                  0.1396                     0.043227416
                  0.1495                      0.04626722
                  0.1594                     0.049304589
                  0.1693                     0.052339292
                  0.1792                     0.055371099
                  0.1891                     0.058399784
                   0.199                     0.061425118
                  0.2089                     0.064446878
                  0.2188                      0.06746484
                  0.2287                     0.070478781
                  0.2386                     0.073488482
                  0.2485                     0.076493722
                  0.2584                     0.079494285
                  0.2683                     0.082489956
                  0.2782                     0.085480521
                  0.2881                     0.088465768
                   0.298                     0.091445488
                  0.3079                     0.094419474
                  0.3178                      0.09738752
                  0.3277                      0.10034942
                  0.3376                      0.10330498
                  0.3475                        0.106254
                  0.3574                      0.10919627
                  0.3673                      0.11213162
                  0.3772                      0.11505984
                  0.3871                      0.11798075
                   0.397                      0.12089416
                  0.4069                      0.12379988
                  0.4168                      0.12669775
                  0.4267                      0.12958757
                  0.4366                      0.13246918
                  0.4465                      0.13534239
                  0.4564                      0.13820705
                  0.4663                      0.14106298
                  0.4762                      0.14391002
                  0.4861                        0.146748
                   0.496                      0.14957678
                  0.5059                       0.1523962
                  0.5158                      0.15520609
                  0.5257                      0.15800632
                  0.5356                      0.16079674
                  0.5455                      0.16357721
                  0.5554                      0.16634758
                  0.5653                      0.16910772
                  0.5752                      0.17185749
                  0.5851                      0.17459677
                   0.595                      0.17732542
                  0.6049                      0.18004333
                  0.6148                      0.18275038
                  0.6247                      0.18544643
                  0.6346                      0.18813139
                  0.6445                      0.19080513
                  0.6544                      0.19346755
                  0.6643                      0.19611855
                  0.6742                      0.19875802
                  0.6841                      0.20138587
                   0.694                      0.20400199
                  0.7039                       0.2066063
                  0.7138                       0.2091987
                  0.7237                      0.21177911
                  0.7336                      0.21434745
                  0.7435                      0.21690364
                  0.7534                      0.21944759
                  0.7633                      0.22197924
                  0.7732                      0.22449851
                  0.7831                      0.22700533
                   0.793                      0.22949965
                  0.8029                      0.23198139
                  0.8128                       0.2344505
                  0.8227                      0.23690692
                  0.8326                       0.2393506
                  0.8425                      0.24178149
                  0.8524                      0.24419954
                  0.8623                       0.2466047
                  0.8722                      0.24899693
                  0.8821                       0.2513762
                   0.892                      0.25374246
                  0.9019                      0.25609568
                  0.9118                      0.25843583
                  0.9217                      0.26076288
                  0.9316                       0.2630768
                  0.9415                      0.26537757
                  0.9514                      0.26766516
                  0.9613                      0.26993957
                  0.9712                      0.27220077
                  0.9811                      0.27444874
                   0.991                      0.27668348
                  1.0009                      0.27890497
                  1.0108                      0.28111321
                  1.0207                      0.28330819
                  1.0306                      0.28548991
                  1.0405                      0.28765837
                  1.0504                      0.28981357
                  1.0603                       0.2919555
                  1.0702                      0.29408419
                  1.0801                      0.29619963
                    1.09                      0.29830183
                  1.0999                       0.3003908
                  1.1098                      0.30246656
                  1.1197                      0.30452912
                  1.1296                       0.3065785
                  1.1395                      0.30861471
                  1.1494                      0.31063778
                  1.1593                      0.31264772
                  1.1692                      0.31464457
                  1.1791                      0.31662833
                   1.189                      0.31859905
                  1.1989                      0.32055674
                  1.2088                      0.32250144
                  1.2187                      0.32443318
                  1.2286                      0.32635199
                  1.2385                       0.3282579
                  1.2484                      0.33015095
                  1.2583                      0.33203117
                  1.2682                      0.33389859
                  1.2781                      0.33575327
                   1.288                      0.33759524
                  1.2979                      0.33942453
                  1.3078                      0.34124119
                  1.3177                      0.34304526
                  1.3276                       0.3448368
                  1.3375                      0.34661583
                  1.3474                       0.3483824
                  1.3573                      0.35013658
                  1.3672                      0.35187839
                  1.3771                      0.35360789
                   1.387                      0.35532513
                  1.3969                      0.35703016
                  1.4068                      0.35872302
                  1.4167                      0.36040378
                  1.4266                      0.36207248
                  1.4365                      0.36372918
                  1.4464                      0.36537392
                  1.4563                      0.36700677
                  1.4662                      0.36862778
                  1.4761                        0.370237
                   1.486                      0.37183449
                  1.4959                      0.37342031
                  1.5058                      0.37499451
                  1.5157                      0.37655715
                  1.5256                      0.37810829
                  1.5355                      0.37964798
                  1.5454                      0.38117629
                  1.5553                      0.38269328
                  1.5652                        0.384199
                  1.5751                      0.38569351
                   1.585                      0.38717687
                  1.5949                      0.38864915
                  1.6048                       0.3901104
                  1.6147                      0.39156068
                  1.6246                      0.39300006
                  1.6345                       0.3944286
                  1.6444                      0.39584635
                  1.6543                      0.39725339
                  1.6642                      0.39864976
                  1.6741                      0.40003554
                   1.684                      0.40141078
                  1.6939                      0.40277555
                  1.7038                      0.40412991
                  1.7137                      0.40547392
                  1.7236                      0.40680765
                  1.7335                      0.40813114
                  1.7434                      0.40944448
                  1.7533                      0.41074772
                  1.7632                      0.41204091
                  1.7731                      0.41332414
                   1.783                      0.41459745
                  1.7929                       0.4158609
                  1.8028                      0.41711457
                  1.8127                      0.41835851
                  1.8226                      0.41959279
                  1.8325                      0.42081746
                  1.8424                      0.42203259
                  1.8523                      0.42323824
                  1.8622                      0.42443446
                  1.8721                      0.42562134
                   1.882                      0.42679891
                  1.8919                      0.42796725
                  1.9018                      0.42912641
                  1.9117                      0.43027646
                  1.9216                      0.43141746
                  1.9315                      0.43254946
                  1.9414                      0.43367253
                  1.9513                      0.43478673
                  1.9612                      0.43589211
                  1.9711                      0.43698874
                   1.981                      0.43807667
                  1.9909                      0.43915597
                  2.0008                      0.44022668
                  2.0107                      0.44128888
                  2.0206                      0.44234262
                  2.0305                      0.44338796
                  2.0404                      0.44442495
                  2.0503                      0.44545365
                  2.0602                      0.44647413
                  2.0701                      0.44748643
                    2.08                      0.44849061
                  2.0899                      0.44948674
                  2.0998                      0.45047486
                  2.1097                      0.45145503
                  2.1196                      0.45242731
                  2.1295                      0.45339175
                  2.1394                      0.45434841
                  2.1493                      0.45529734
                  2.1592                       0.4562386
                  2.1691                      0.45717224
                   2.179                      0.45809831
                  2.1889                      0.45901687
                  2.1988                      0.45992798
                  2.2087                      0.46083167
                  2.2186                      0.46172802
                  2.2285                      0.46261706
                  2.2384                      0.46349885
                  2.2483                      0.46437345
                  2.2582                       0.4652409
                  2.2681                      0.46610126
                   2.278                      0.46695457
                  2.2879                      0.46780089
                  2.2978                      0.46864026
                  2.3077                      0.46947274
                  2.3176                      0.47029837
                  2.3275                      0.47111721
                  2.3374                       0.4719293
                  2.3473                       0.4727347
                  2.3572                      0.47353344
                  2.3671                      0.47432558
                   2.377                      0.47511117
                  2.3869                      0.47589025
                  2.3968                      0.47666287
                  2.4067                      0.47742908
                  2.4166                      0.47818892
                  2.4265                      0.47894244
                  2.4364                      0.47968968
                  2.4463                       0.4804307
                  2.4562                      0.48116553
                  2.4661                      0.48189422
                   2.476                      0.48261681
                  2.4859                      0.48333335
                  2.4958                      0.48404389
                  2.5057                      0.48474846
                  2.5156                      0.48544712
                  2.5255                      0.48613989
                  2.5354                      0.48682684
                  2.5453                      0.48750799
                  2.5552                      0.48818339
                  2.5651                      0.48885308
                   2.575                      0.48951711
                  2.5849                      0.49017552
                  2.5948                      0.49082834
                  2.6047                      0.49147562
                  2.6146                      0.49211739
                  2.6245                      0.49275371
                  2.6344                       0.4933846
                  2.6443                      0.49401012
                  2.6542                      0.49463029
                  2.6641                      0.49524516
                   2.674                      0.49585476
                  2.6839                      0.49645914
                  2.6938                      0.49705833
                  2.7037                      0.49765238
                  2.7136                      0.49824131
                  2.7235                      0.49882517
                  2.7334                        0.499404
                  2.7433                      0.49997782
                  2.7532                      0.50054669
                  2.7631                      0.50111063
                   2.773                      0.50166968
                  2.7829                      0.50222388
                  2.7928                      0.50277327
                  2.8027                      0.50331787
                  2.8126                      0.50385773
                  2.8225                      0.50439288
                  2.8324                      0.50492336
                  2.8423                       0.5054492
                  2.8522                      0.50597043
                  2.8621                      0.50648709
                   2.872                      0.50699922
                  2.8819                      0.50750684
                  2.8918                      0.50800999
                  2.9017                      0.50850871
                  2.9116                      0.50900303
                  2.9215                      0.50949298
                  2.9314                      0.50997859
                  2.9413                       0.5104599
                  2.9512                      0.51093694
                  2.9611                      0.51140974
                   2.971                      0.51187833
                  2.9809                      0.51234275
                  2.9908                      0.51280302
                  3.0007                      0.51325918
                  3.0106                      0.51371126
                  3.0205                       0.5141593
                  3.0304                      0.51460331
                  3.0403                      0.51504333
                  3.0502                       0.5154794
                  3.0601                      0.51591154
                    3.07                      0.51633978
                  3.0799                      0.51676415
                  3.0898                      0.51718469
                  3.0997                      0.51760141
                  3.1096                      0.51801436
                  3.1195                      0.51842355
                  3.1294                      0.51882903
                  3.1393                      0.51923081
                  3.1492                      0.51962892
                  3.1591                       0.5200234
                   3.169                      0.52041427
                  3.1789                      0.52080156
                  3.1888                       0.5211853
                  3.1987                      0.52156551
                  3.2086                      0.52194222
                  3.2185                      0.52231546
                  3.2284                      0.52268526
                  3.2383                      0.52305164
                  3.2482                      0.52341463
                  3.2581                      0.52377426
                   3.268                      0.52413055
                  3.2779                      0.52448352
                  3.2878                      0.52483321
                  3.2977                      0.52517964
                  3.3076                      0.52552284
                  3.3175                      0.52586282
                  3.3274                      0.52619962
                  3.3373                      0.52653326
                  3.3472                      0.52686377
                  3.3571                      0.52719116
                   3.367                      0.52751547
                  3.3769                      0.52783672
                  3.3868                      0.52815493
                  3.3967                      0.52847012
                  3.4066                      0.52878232
                  3.4165                      0.52909156
                  3.4264                      0.52939785
                  3.4363                      0.52970123
                  3.4462                       0.5300017
                  3.4561                       0.5302993
                   3.466                      0.53059405
                  3.4759                      0.53088596
                  3.4858                      0.53117507
                  3.4957                      0.53146139
                  3.5056                      0.53174494
                  3.5155                      0.53202576
                  3.5254                      0.53230385
                  3.5353                      0.53257924
                  3.5452                      0.53285195
                  3.5551                        0.533122
                   3.565                      0.53338942
                  3.5749                      0.53365421
                  3.5848                      0.53391641
                  3.5947                      0.53417603
                  3.6046                       0.5344331
                  3.6145                      0.53468762
                  3.6244                      0.53493963
                  3.6343                      0.53518914
                  3.6442                      0.53543617
                  3.6541                      0.53568074
                   3.664                      0.53592286
                  3.6739                      0.53616256
                  3.6838                      0.53639986
                  3.6937                      0.53663477
                  3.7036                      0.53686731
                  3.7135                      0.53709749
                  3.7234                      0.53732535
                  3.7333                      0.53755088
                  3.7432                      0.53777412
                  3.7531                      0.53799508
                   3.763                      0.53821377
                  3.7729                      0.53843021
                  3.7828                      0.53864442
                  3.7927                      0.53885641
                  3.8026                       0.5390662
                  3.8125                      0.53927381
                  3.8224                      0.53947924
                  3.8323                      0.53968253
                  3.8422                      0.53988368
                  3.8521                       0.5400827
                   3.862                      0.54027962
                  3.8719                      0.54047444
                  3.8818                      0.54066719
                  3.8917                      0.54085787
                  3.9016                       0.5410465
                  3.9115                       0.5412331
                  3.9214                      0.54141767
                  3.9313                      0.54160024
                  3.9412                      0.54178081
                  3.9511                       0.5419594
                   3.961                      0.54213602
                  3.9709                      0.54231069
                  3.9808                      0.54248341
                  3.9907                       0.5426542
                  4.0006                      0.54282308
                  4.0105                      0.54299004
                  4.0204                      0.54315512
                  4.0303                      0.54331831
                  4.0402                      0.54347964
                  4.0501                       0.5436391
                    4.06                      0.54379672
                  4.0699                       0.5439525
                  4.0798                      0.54410646
                  4.0897                       0.5442586
                  4.0996                      0.54440894
                  4.1095                      0.54455748
                  4.1194                      0.54470424
                  4.1293                      0.54484923
                  4.1392                      0.54499246
                  4.1491                      0.54513394
                   4.159                      0.54527367
                  4.1689                      0.54541167
                  4.1788                      0.54554794
                  4.1887                       0.5456825
                  4.1986                      0.54581535
                  4.2085                      0.54594651
                  4.2184                      0.54607598
                  4.2283                      0.54620377
                  4.2382                      0.54632989
                  4.2481                      0.54645434
                   4.258                      0.54657714
                  4.2679                      0.54669829
                  4.2778                      0.54681781
                  4.2877                      0.54693569
                  4.2976                      0.54705195
                  4.3075                      0.54716659
                  4.3174                      0.54727962
                  4.3273                      0.54739106
                  4.3372                      0.54750089
                  4.3471                      0.54760914
                   4.357                      0.54771581
                  4.3669                      0.54782091
                  4.3768                      0.54792443
                  4.3867                       0.5480264
                  4.3966                       0.5481268
                  4.4065                      0.54822566
                  4.4164                      0.54832298
                  4.4263                      0.54841876
                  4.4362                        0.548513
                  4.4461                      0.54860572
                   4.456                      0.54869692
                  4.4659                      0.54878661
                  4.4758                      0.54887478
                  4.4857                      0.54896145
                  4.4956                      0.54904662
                  4.5055                      0.54913029
                  4.5154                      0.54921248
                  4.5253                      0.54929318
                  4.5352                       0.5493724
                  4.5451                      0.54945014
                   4.555                      0.54952641
                  4.5649                      0.54960121
                  4.5748                      0.54967455
                  4.5847                      0.54974643
                  4.5946                      0.54981685
                  4.6045                      0.54988582
                  4.6144                      0.54995335
                  4.6243                      0.55001943
                  4.6342                      0.55008407
                  4.6441                      0.55014727
                   4.654                      0.55020904
                  4.6639                      0.55026938
                  4.6738                      0.55032829
                  4.6837                      0.55038578
                  4.6936                      0.55044185
                  4.7035                       0.5504965
                  4.7134                      0.55054974
                  4.7233                      0.55060156
                  4.7332                      0.55065198
                  4.7431                      0.55070098
                   4.753                      0.55074859
                  4.7629                      0.55079479
                  4.7728                       0.5508396
                  4.7827                        0.550883
                  4.7926                      0.55092502
                  4.8025                      0.55096564
                  4.8124                      0.55100487
                  4.8223                      0.55104271
                  4.8322                      0.55107917
                  4.8421                      0.55111425
                   4.852                      0.55114794
                  4.8619                      0.55118025
                  4.8718                      0.55121118
                  4.8817                      0.55124074
                  4.8916                      0.55126892
                  4.9015                      0.55129573
                  4.9114                      0.55132117
                  4.9213                      0.55134523
                  4.9312                      0.55136793
                  4.9411                      0.55138926
                   4.951                      0.55140922
                  4.9609                      0.55142782
                  4.9708                      0.55144505
                  4.9807                      0.55146092
                  4.9906                      0.55147543
                  5.0005                      0.55148858
                  5.0104                      0.55150037
                  5.0203                       0.5515108
                  5.0302                      0.55151987
                  5.0401                      0.55152758
                    5.05                      0.55153394
                  5.0599                      0.55153894
                  5.0698                      0.55154258
                  5.0797                      0.55154488
                  5.0896                      0.55154581
                  5.0995                       0.5515454
                  5.1094                      0.55154363
                  5.1193                      0.55154051
                  5.1292                      0.55153603
                  5.1391                      0.55153021
                   5.149                      0.55152303
                  5.1589                      0.55151451
                  5.1688                      0.55150463
                  5.1787                       0.5514934
                  5.1886                      0.55148082
                  5.1985                      0.55146689
                  5.2084                      0.55145162
                  5.2183                      0.55143499
                  5.2282                      0.55141701
                  5.2381                      0.55139768
                   5.248                        0.551377
                  5.2579                      0.55135497
                  5.2678                       0.5513316
                  5.2777                      0.55130687
                  5.2876                      0.55128079
                  5.2975                      0.55125336
                  5.3074                      0.55122458
                  5.3173                      0.55119445
                  5.3272                      0.55116296
                  5.3371                      0.55113013
                   5.347                      0.55109594
                  5.3569                       0.5510604
                  5.3668                      0.55102351
                  5.3767                      0.55098526
                  5.3866                      0.55094566
                  5.3965                      0.55090471
                  5.4064                       0.5508624
                  5.4163                      0.55081874
                  5.4262                      0.55077372
                  5.4361                      0.55072735
                   5.446                      0.55067961
                  5.4559                      0.55063052
                  5.4658                      0.55058007
                  5.4757                      0.55052827
                  5.4856                       0.5504751
                  5.4955                      0.55042057
                  5.5054                      0.55036468
                  5.5153                      0.55030743
                  5.5252                      0.55024882
                  5.5351                      0.55018884
                   5.545                      0.55012749
                  5.5549                      0.55006479
                  5.5648                      0.55000071
                  5.5747                      0.54993527
                  5.5846                      0.54986846
                  5.5945                      0.54980028
                  5.6044                      0.54973073
                  5.6143                      0.54965981
                  5.6242                      0.54958752
                  5.6341                      0.54951385
                   5.644                      0.54943881
                  5.6539                      0.54936239
                  5.6638                       0.5492846
                  5.6737                      0.54920543
                  5.6836                      0.54912488
                  5.6935                      0.54904295
                  5.7034                      0.54895964
                  5.7133                      0.54887495
                  5.7232                      0.54878887
                  5.7331                      0.54870141
                   5.743                      0.54861256
                  5.7529                      0.54852232
                  5.7628                       0.5484307
                  5.7727                      0.54833769
                  5.7826                      0.54824328
                  5.7925                      0.54814748
                  5.8024                      0.54805029
                  5.8123                       0.5479517
                  5.8222                      0.54785171
                  5.8321                      0.54775033
                   5.842                      0.54764755
                  5.8519                      0.54754336
                  5.8618                      0.54743778
                  5.8717                      0.54733078
                  5.8816                      0.54722239
                  5.8915                      0.54711258
                  5.9014                      0.54700137
                  5.9113                      0.54688874
                  5.9212                      0.54677471
                  5.9311                      0.54665926
                   5.941                      0.54654239
                  5.9509                      0.54642411
                  5.9608                      0.54630441
                  5.9707                      0.54618329
                  5.9806                      0.54606075
                  5.9905                      0.54593678
                  6.0004                      0.54581139
                  6.0103                      0.54568458
                  6.0202                      0.54555633
                  6.0301                      0.54542666
                    6.04                      0.54529555
                  6.0499                      0.54516301
                  6.0598                      0.54502903
                  6.0697                      0.54489361
                  6.0796                      0.54475676
                  6.0895                      0.54461846
                  6.0994                      0.54447872
                  6.1093                      0.54433754
                  6.1192                      0.54419491
                  6.1291                      0.54405083
                   6.139                       0.5439053
                  6.1489                      0.54375832
                  6.1588                      0.54360989
                  6.1687                      0.54345999
                  6.1786                      0.54330864
                  6.1885                      0.54315583
                  6.1984                      0.54300156
                  6.2083                      0.54284582
                  6.2182                      0.54268862
                  6.2281                      0.54252995
                   6.238                       0.5423698
                  6.2479                      0.54220819
                  6.2578                       0.5420451
                  6.2677                      0.54188053
                  6.2776                      0.54171449
                  6.2875                      0.54154696
                  6.2974                      0.54137795
                  6.3073                      0.54120746
                  6.3172                      0.54103548
                  6.3271                      0.54086201
                   6.337                      0.54068705
                  6.3469                      0.54051059
                  6.3568                      0.54033264
                  6.3667                      0.54015319
                  6.3766                      0.53997223
                  6.3865                      0.53978978
                  6.3964                      0.53960582
                  6.4063                      0.53942035
                  6.4162                      0.53923338
                  6.4261                      0.53904489
                   6.436                      0.53885488
                  6.4459                      0.53866336
                  6.4558                      0.53847033
                  6.4657                      0.53827576
                  6.4756                      0.53807968
                  6.4855                      0.53788207
                  6.4954                      0.53768293
                  6.5053                      0.53748226
                  6.5152                      0.53728005
                  6.5251                      0.53707631
                   6.535                      0.53687104
                  6.5449                      0.53666422
                  6.5548                      0.53645585
                  6.5647                      0.53624594
                  6.5746                      0.53603449
                  6.5845                      0.53582148
                  6.5944                      0.53560692
                  6.6043                       0.5353908
                  6.6142                      0.53517312
                  6.6241                      0.53495388
                   6.634                      0.53473308
                  6.6439                      0.53451071
                  6.6538                      0.53428678
                  6.6637                      0.53406127
                  6.6736                      0.53383418
                  6.6835                      0.53360552
                  6.6934                      0.53337528
                  6.7033                      0.53314346
                  6.7132                      0.53291005
                  6.7231                      0.53267505
                   6.733                      0.53243847
                  6.7429                      0.53220029
                  6.7528                      0.53196051
                  6.7627                      0.53171914
                  6.7726                      0.53147616
                  6.7825                      0.53123158
                  6.7924                      0.53098539
                  6.8023                      0.53073759
                  6.8122                      0.53048818
                  6.8221                      0.53023715
                   6.832                      0.52998451
                  6.8419                      0.52973024
                  6.8518                      0.52947435
                  6.8617                      0.52921683
                  6.8716                      0.52895768
                  6.8815                       0.5286969
                  6.8914                      0.52843448
                  6.9013                      0.52817042
                  6.9112                      0.52790472
                  6.9211                      0.52763737
                   6.931                      0.52736838
                  6.9409                      0.52709774
                  6.9508                      0.52682544
                  6.9607                      0.52655148
                  6.9706                      0.52627587
                  6.9805                      0.52599859
                  6.9904                      0.52571964
                  7.0003                      0.52543903
                  7.0102                      0.52515674
                  7.0201                      0.52487278
                    7.03                      0.52458713
                  7.0399                      0.52429981
                  7.0498                       0.5240108
                  7.0597                       0.5237201
                  7.0696                      0.52342772
                  7.0795                      0.52313363
                  7.0894                      0.52283785
                  7.0993                      0.52254037
                  7.1092                      0.52224118
                  7.1191                      0.52194029
                   7.129                      0.52163768
                  7.1389                      0.52133336
                  7.1488                      0.52102733
                  7.1587                      0.52071957
                  7.1686                      0.52041009
                  7.1785                      0.52009888
                  7.1884                      0.51978594
                  7.1983                      0.51947126
                  7.2082                      0.51915485
                  7.2181                       0.5188367
                   7.228                      0.51851681
                  7.2379                      0.51819516
                  7.2478                      0.51787177
                  7.2577                      0.51754662
                  7.2676                      0.51721971
                  7.2775                      0.51689104
                  7.2874                      0.51656061
                  7.2973                       0.5162284
                  7.3072                      0.51589443
                  7.3171                      0.51555868
                   7.327                      0.51522115
                  7.3369                      0.51488184
                  7.3468                      0.51454074
                  7.3567                      0.51419786
                  7.3666                      0.51385318
                  7.3765                       0.5135067
                  7.3864                      0.51315842
                  7.3963                      0.51280834
                  7.4062                      0.51245645
                  7.4161                      0.51210275
                   7.426                      0.51174724
                  7.4359                       0.5113899
                  7.4458                      0.51103075
                  7.4557                      0.51066976
                  7.4656                      0.51030695
                  7.4755                       0.5099423
                  7.4854                      0.50957582
                  7.4953                       0.5092075
                  7.5052                      0.50883733
                  7.5151                      0.50846531
                   7.525                      0.50809144
                  7.5349                      0.50771571
                  7.5448                      0.50733812
                  7.5547                      0.50695867
                  7.5646                      0.50657735
                  7.5745                      0.50619416
                  7.5844                       0.5058091
                  7.5943                      0.50542215
                  7.6042                      0.50503332
                  7.6141                      0.50464261
                   7.624                         0.50425
                  7.6339                      0.50385549
                  7.6438                      0.50345909
                  7.6537                      0.50306079
                  7.6636                      0.50266057
                  7.6735                      0.50225845
                  7.6834                      0.50185441
                  7.6933                      0.50144845
                  7.7032                      0.50104057
                  7.7131                      0.50063076
                   7.723                      0.50021902
                  7.7329                      0.49980534
                  7.7428                      0.49938973
                  7.7527                      0.49897217
                  7.7626                      0.49855266
                  7.7725                       0.4981312
                  7.7824                      0.49770778
                  7.7923                      0.49728241
                  7.8022                      0.49685507
                  7.8121                      0.49642576
                   7.822                      0.49599447
                  7.8319                      0.49556121
                  7.8418                      0.49512597
                  7.8517                      0.49468874
                  7.8616                      0.49424952
                  7.8715                      0.49380831
                  7.8814                       0.4933651
                  7.8913                      0.49291988
                  7.9012                      0.49247266
                  7.9111                      0.49202342
                   7.921                      0.49157217
                  7.9309                       0.4911189
                  7.9408                      0.49066361
                  7.9507                      0.49020628
                  7.9606                      0.48974692
                  7.9705                      0.48928552
                  7.9804                      0.48882208
                  7.9903                       0.4883566
                  8.0002                      0.48788906
                  8.0101                      0.48741946
                    8.02                       0.4869478
                  8.0299                      0.48647408
                  8.0398                      0.48599829
                  8.0497                      0.48552043
                  8.0596                      0.48504048
                  8.0695                      0.48455845
                  8.0794                      0.48407434
                  8.0893                      0.48358813
                  8.0992                      0.48309982
                  8.1091                      0.48260941
                   8.119                       0.4821169
                  8.1289                      0.48162227
                  8.1388                      0.48112553
                  8.1487                      0.48062666
                  8.1586                      0.48012567
                  8.1685                      0.47962255
                  8.1784                       0.4791173
                  8.1883                       0.4786099
                  8.1982                      0.47810036
                  8.2081                      0.47758867
                   8.218                      0.47707483
                  8.2279                      0.47655882
                  8.2378                      0.47604066
                  8.2477                      0.47552032
                  8.2576                      0.47499781
                  8.2675                      0.47447312
                  8.2774                      0.47394625
                  8.2873                      0.47341719
                  8.2972                      0.47288593
                  8.3071                      0.47235248
                   8.317                      0.47181682
                  8.3269                      0.47127895
                  8.3368                      0.47073887
                  8.3467                      0.47019658
                  8.3566                      0.46965206
                  8.3665                       0.4691053
                  8.3764                      0.46855632
                  8.3863                       0.4680051
                  8.3962                      0.46745163
                  8.4061                      0.46689591
                   8.416                      0.46633794
                  8.4259                      0.46577771
                  8.4358                      0.46521522
                  8.4457                      0.46465045
                  8.4556                      0.46408341
                  8.4655                      0.46351409
                  8.4754                      0.46294248
                  8.4853                      0.46236858
                  8.4952                      0.46179239
                  8.5051                       0.4612139
                   8.515                      0.46063309
                  8.5249                      0.46004998
                  8.5348                      0.45946455
                  8.5447                      0.45887679
                  8.5546                      0.45828671
                  8.5645                      0.45769429
                  8.5744                      0.45709953
                  8.5843                      0.45650243
                  8.5942                      0.45590298
                  8.6041                      0.45530117
                   8.614                        0.454697
                  8.6239                      0.45409047
                  8.6338                      0.45348156
                  8.6437                      0.45287027
                  8.6536                      0.45225661
                  8.6635                      0.45164055
                  8.6734                       0.4510221
                  8.6833                      0.45040124
                  8.6932                      0.44977798
                  8.7031                      0.44915231
                   8.713                      0.44852423
                  8.7229                      0.44789372
                  8.7328                      0.44726078
                  8.7427                       0.4466254
                  8.7526                      0.44598759
                  8.7625                      0.44534733
                  8.7724                      0.44470462
                  8.7823                      0.44405945
                  8.7922                      0.44341181
                  8.8021                      0.44276171
                   8.812                      0.44210913
                  8.8219                      0.44145408
                  8.8318                      0.44079653
                  8.8417                      0.44013649
                  8.8516                      0.43947395
                  8.8615                      0.43880891
                  8.8714                      0.43814136
                  8.8813                      0.43747128
                  8.8912                      0.43679869
                  8.9011                      0.43612357
                   8.911                      0.43544591
                  8.9209                      0.43476571
                  8.9308                      0.43408296
                  8.9407                      0.43339766
                  8.9506                       0.4327098
                  8.9605                      0.43201937
                  8.9704                      0.43132638
                  8.9803                       0.4306308
                  8.9902                      0.42993264
                  9.0001                      0.42923189
                    9.01                      0.42852854
                  9.0199                      0.42782258
                  9.0298                      0.42711402
                  9.0397                      0.42640284
                  9.0496                      0.42568904
                  9.0595                      0.42497261
                  9.0694                      0.42425354
                  9.0793                      0.42353183
                  9.0892                      0.42280748
                  9.0991                      0.42208047
                   9.109                       0.4213508
                  9.1189                      0.42061846
                  9.1288                      0.41988344
                  9.1387                      0.41914575
                  9.1486                      0.41840536
                  9.1585                      0.41766229
                  9.1684                      0.41691651
                  9.1783                      0.41616802
                  9.1882                      0.41541682
                  9.1981                       0.4146629
                   9.208                      0.41390626
                  9.2179                      0.41314688
                  9.2278                      0.41238475
                  9.2377                      0.41161988
                  9.2476                      0.41085226
                  9.2575                      0.41008187
                  9.2674                      0.40930871
                  9.2773                      0.40853278
                  9.2872                      0.40775407
                  9.2971                      0.40697257
                   9.307                      0.40618827
                  9.3169                      0.40540117
                  9.3268                      0.40461126
                  9.3367                      0.40381853
                  9.3466                      0.40302298
                  9.3565                      0.40222459
                  9.3664                      0.40142337
                  9.3763                       0.4006193
                  9.3862                      0.39981238
                  9.3961                      0.39900261
                   9.406                      0.39818996
                  9.4159                      0.39737444
                  9.4258                      0.39655604
                  9.4357                      0.39573475
                  9.4456                      0.39491056
                  9.4555                      0.39408347
                  9.4654                      0.39325347
                  9.4753                      0.39242055
                  9.4852                      0.39158471
                  9.4951                      0.39074593
                   9.505                      0.38990422
                  9.5149                      0.38905955
                  9.5248                      0.38821193
                  9.5347                      0.38736135
                  9.5446                       0.3865078
                  9.5545                      0.38565127
                  9.5644                      0.38479176
                  9.5743                      0.38392925
                  9.5842                      0.38306374
                  9.5941                      0.38219523
                   9.604                       0.3813237
                  9.6139                      0.38044914
                  9.6238                      0.37957156
                  9.6337                      0.37869094
                  9.6436                      0.37780726
                  9.6535                      0.37692054
                  9.6634                      0.37603075
                  9.6733                       0.3751379
                  9.6832                      0.37424196
                  9.6931                      0.37334294
                   9.703                      0.37244083
                  9.7129                      0.37153561
                  9.7228                      0.37062729
                  9.7327                      0.36971585
                  9.7426                      0.36880128
                  9.7525                      0.36788358
                  9.7624                      0.36696274
                  9.7723                      0.36603875
                  9.7822                       0.3651116
                  9.7921                      0.36418128
                   9.802                       0.3632478
                  9.8119                      0.36231113
                  9.8218                      0.36137127
                  9.8317                      0.36042821
                  9.8416                      0.35948195
                  9.8515                      0.35853247
                  9.8614                      0.35757977
                  9.8713                      0.35662384
                  9.8812                      0.35566467
                  9.8911                      0.35470225
                   9.901                      0.35373657
                  9.9109                      0.35276763
                  9.9208                      0.35179542
                  9.9307                      0.35081993
                  9.9406                      0.34984115
                  9.9505                      0.34885907
                  9.9604                      0.34787369
                  9.9703                      0.34688499
                  9.9802                      0.34589297
                  9.9901                      0.34489762
                      10                      0.34389892

