
                     0.1                     0.031039704
                  0.1099                      0.03401599
                  0.1198                     0.036992746
                  0.1297                     0.039969673
                  0.1396                     0.042946468
                  0.1495                     0.045922831
                  0.1594                      0.04889846
                  0.1693                     0.051873053
                  0.1792                      0.05484631
                  0.1891                     0.057817929
                   0.199                     0.060787609
                  0.2089                     0.063755052
                  0.2188                     0.066719958
                  0.2287                     0.069682028
                  0.2386                     0.072640964
                  0.2485                     0.075596471
                  0.2584                     0.078548253
                  0.2683                     0.081496016
                  0.2782                     0.084439467
                  0.2881                     0.087378316
                   0.298                     0.090312272
                  0.3079                     0.093241049
                  0.3178                      0.09616436
                  0.3277                     0.099081921
                  0.3376                      0.10199345
                  0.3475                      0.10489867
                  0.3574                       0.1077973
                  0.3673                      0.11068907
                  0.3772                       0.1135737
                  0.3871                      0.11645093
                   0.397                      0.11932048
                  0.4069                       0.1221821
                  0.4168                      0.12503551
                  0.4267                      0.12788047
                  0.4366                      0.13071672
                  0.4465                        0.133544
                  0.4564                      0.13636207
                  0.4663                      0.13917067
                  0.4762                      0.14196957
                  0.4861                      0.14475853
                   0.496                      0.14753731
                  0.5059                      0.15030568
                  0.5158                       0.1530634
                  0.5257                      0.15581026
                  0.5356                      0.15854604
                  0.5455                       0.1612705
                  0.5554                      0.16398345
                  0.5653                      0.16668467
                  0.5752                      0.16937395
                  0.5851                      0.17205109
                   0.595                      0.17471589
                  0.6049                      0.17736817
                  0.6148                      0.18000771
                  0.6247                      0.18263435
                  0.6346                       0.1852479
                  0.6445                      0.18784817
                  0.6544                        0.190435
                  0.6643                      0.19300821
                  0.6742                      0.19556763
                  0.6841                      0.19811311
                   0.694                      0.20064449
                  0.7039                       0.2031616
                  0.7138                      0.20566431
                  0.7237                      0.20815246
                  0.7336                      0.21062591
                  0.7435                      0.21308453
                  0.7534                      0.21552817
                  0.7633                      0.21795672
                  0.7732                      0.22037004
                  0.7831                      0.22276801
                   0.793                      0.22515052
                  0.8029                      0.22751744
                  0.8128                      0.22986867
                  0.8227                      0.23220411
                  0.8326                      0.23452364
                  0.8425                      0.23682718
                  0.8524                      0.23911462
                  0.8623                      0.24138588
                  0.8722                      0.24364086
                  0.8821                      0.24587949
                   0.892                      0.24810168
                  0.9019                      0.25030736
                  0.9118                      0.25249645
                  0.9217                      0.25466889
                  0.9316                       0.2568246
                  0.9415                      0.25896353
                  0.9514                      0.26108562
                  0.9613                      0.26319081
                  0.9712                      0.26527904
                  0.9811                      0.26735027
                   0.991                      0.26940446
                  1.0009                      0.27144156
                  1.0108                      0.27346152
                  1.0207                      0.27546432
                  1.0306                      0.27744991
                  1.0405                      0.27941827
                  1.0504                      0.28136937
                  1.0603                      0.28330319
                  1.0702                      0.28521969
                  1.0801                      0.28711887
                    1.09                      0.28900069
                  1.0999                      0.29086516
                  1.1098                      0.29271226
                  1.1197                      0.29454197
                  1.1296                      0.29635429
                  1.1395                      0.29814921
                  1.1494                      0.29992674
                  1.1593                      0.30168686
                  1.1692                      0.30342959
                  1.1791                      0.30515493
                   1.189                      0.30686288
                  1.1989                      0.30855346
                  1.2088                      0.31022666
                  1.2187                      0.31188251
                  1.2286                      0.31352102
                  1.2385                       0.3151422
                  1.2484                      0.31674607
                  1.2583                      0.31833265
                  1.2682                      0.31990197
                  1.2781                      0.32145403
                   1.288                      0.32298888
                  1.2979                      0.32450653
                  1.3078                      0.32600701
                  1.3177                      0.32749035
                  1.3276                      0.32895658
                  1.3375                      0.33040574
                  1.3474                      0.33183784
                  1.3573                      0.33325294
                  1.3672                      0.33465105
                  1.3771                      0.33603223
                   1.387                       0.3373965
                  1.3969                       0.3387439
                  1.4068                      0.34007448
                  1.4167                      0.34138828
                  1.4266                      0.34268533
                  1.4365                      0.34396568
                  1.4464                      0.34522937
                  1.4563                      0.34647644
                  1.4662                      0.34770695
                  1.4761                      0.34892093
                   1.486                      0.35011843
                  1.4959                       0.3512995
                  1.5058                      0.35246419
                  1.5157                      0.35361254
                  1.5256                       0.3547446
                  1.5355                      0.35586043
                  1.5454                      0.35696006
                  1.5553                      0.35804356
                  1.5652                      0.35911097
                  1.5751                      0.36016235
                   1.585                      0.36119774
                  1.5949                       0.3622172
                  1.6048                      0.36322078
                  1.6147                      0.36420853
                  1.6246                       0.3651805
                  1.6345                      0.36613676
                  1.6444                      0.36707734
                  1.6543                      0.36800231
                  1.6642                      0.36891172
                  1.6741                      0.36980561
                   1.684                      0.37068406
                  1.6939                       0.3715471
                  1.7038                       0.3723948
                  1.7137                      0.37322721
                  1.7236                      0.37404438
                  1.7335                      0.37484637
                  1.7434                      0.37563323
                  1.7533                      0.37640502
                  1.7632                      0.37716179
                  1.7731                      0.37790359
                   1.783                      0.37863048
                  1.7929                      0.37934252
                  1.8028                      0.38003975
                  1.8127                      0.38072224
                  1.8226                      0.38139003
                  1.8325                      0.38204318
                  1.8424                      0.38268175
                  1.8523                      0.38330578
                  1.8622                      0.38391533
                  1.8721                      0.38451046
                   1.882                      0.38509122
                  1.8919                      0.38565765
                  1.9018                      0.38620982
                  1.9117                      0.38674777
                  1.9216                      0.38727157
                  1.9315                      0.38778125
                  1.9414                      0.38827687
                  1.9513                      0.38875849
                  1.9612                      0.38922615
                  1.9711                      0.38967992
                   1.981                      0.39011982
                  1.9909                      0.39054593
                  2.0008                      0.39095829
                  2.0107                      0.39135694
                  2.0206                      0.39174194
                  2.0305                      0.39211334
                  2.0404                      0.39247119
                  2.0503                      0.39281554
                  2.0602                      0.39314643
                  2.0701                      0.39346392
                    2.08                      0.39376805
                  2.0899                      0.39405887
                  2.0998                      0.39433643
                  2.1097                      0.39460077
                  2.1196                      0.39485195
                  2.1295                         0.39509
                  2.1394                      0.39531498
                  2.1493                      0.39552694
                  2.1592                      0.39572591
                  2.1691                      0.39591194
                   2.179                      0.39608508
                  2.1889                      0.39624538
                  2.1988                      0.39639287
                  2.2087                      0.39652761
                  2.2186                      0.39664963
                  2.2285                      0.39675898
                  2.2384                      0.39685571
                  2.2483                      0.39693985
                  2.2582                      0.39701145
                  2.2681                      0.39707056
                   2.278                      0.39711721
                  2.2879                      0.39715145
                  2.2978                      0.39717331
                  2.3077                      0.39718285
                  2.3176                      0.39718009
                  2.3275                      0.39716509
                  2.3374                      0.39713788
                  2.3473                       0.3970985
                  2.3572                        0.397047
                  2.3671                      0.39698341
                   2.377                      0.39690777
                  2.3869                      0.39682012
                  2.3968                      0.39672051
                  2.4067                      0.39660897
                  2.4166                      0.39648553
                  2.4265                      0.39635024
                  2.4364                      0.39620314
                  2.4463                      0.39604426
                  2.4562                      0.39587364
                  2.4661                      0.39569132
                   2.476                      0.39549734
                  2.4859                      0.39529173
                  2.4958                      0.39507453
                  2.5057                      0.39484577
                  2.5156                      0.39460551
                  2.5255                      0.39435376
                  2.5354                      0.39409057
                  2.5453                      0.39381597
                  2.5552                         0.39353
                  2.5651                      0.39323269
                   2.575                      0.39292409
                  2.5849                      0.39260422
                  2.5948                      0.39227312
                  2.6047                      0.39193083
                  2.6146                      0.39157738
                  2.6245                       0.3912128
                  2.6344                      0.39083714
                  2.6443                      0.39045043
                  2.6542                      0.39005269
                  2.6641                      0.38964398
                   2.674                      0.38922431
                  2.6839                      0.38879373
                  2.6938                      0.38835227
                  2.7037                      0.38789996
                  2.7136                      0.38743685
                  2.7235                      0.38696295
                  2.7334                      0.38647832
                  2.7433                      0.38598298
                  2.7532                      0.38547696
                  2.7631                       0.3849603
                   2.773                      0.38443304
                  2.7829                      0.38389521
                  2.7928                      0.38334685
                  2.8027                      0.38278798
                  2.8126                      0.38221865
                  2.8225                      0.38163888
                  2.8324                      0.38104871
                  2.8423                      0.38044818
                  2.8522                      0.37983733
                  2.8621                      0.37921618
                   2.872                      0.37858477
                  2.8819                      0.37794313
                  2.8918                      0.37729131
                  2.9017                      0.37662934
                  2.9116                      0.37595724
                  2.9215                      0.37527507
                  2.9314                      0.37458284
                  2.9413                      0.37388061
                  2.9512                      0.37316839
                  2.9611                      0.37244624
                   2.971                      0.37171419
                  2.9809                      0.37097227
                  2.9908                      0.37022052
                  3.0007                      0.36945897
                  3.0106                      0.36868767
                  3.0205                      0.36790665
                  3.0304                      0.36711595
                  3.0403                       0.3663156
                  3.0502                      0.36550565
                  3.0601                      0.36468613
                    3.07                      0.36385709
                  3.0799                      0.36301855
                  3.0898                      0.36217056
                  3.0997                      0.36131316
                  3.1096                      0.36044638
                  3.1195                      0.35957028
                  3.1294                      0.35868488
                  3.1393                      0.35779023
                  3.1492                      0.35688637
                  3.1591                      0.35597335
                   3.169                       0.3550512
                  3.1789                      0.35411996
                  3.1888                      0.35317968
                  3.1987                       0.3522304
                  3.2086                      0.35127217
                  3.2185                      0.35030502
                  3.2284                      0.34932901
                  3.2383                      0.34834417
                  3.2482                      0.34735056
                  3.2581                      0.34634821
                   3.268                      0.34533718
                  3.2779                      0.34431751
                  3.2878                      0.34328925
                  3.2977                      0.34225244
                  3.3076                      0.34120714
                  3.3175                      0.34015338
                  3.3274                      0.33909123
                  3.3373                      0.33802074
                  3.3472                      0.33694194
                  3.3571                      0.33585489
                   3.367                      0.33475965
                  3.3769                      0.33365627
                  3.3868                      0.33254479
                  3.3967                      0.33142528
                  3.4066                      0.33029778
                  3.4165                      0.32916236
                  3.4264                      0.32801906
                  3.4363                      0.32686795
                  3.4462                      0.32570907
                  3.4561                       0.3245425
                   3.466                      0.32336827
                  3.4759                      0.32218647
                  3.4858                      0.32099713
                  3.4957                      0.31980034
                  3.5056                      0.31859614
                  3.5155                      0.31738459
                  3.5254                      0.31616577
                  3.5353                      0.31493974
                  3.5452                      0.31370655
                  3.5551                      0.31246628
                   3.565                        0.311219
                  3.5749                      0.30996476
                  3.5848                      0.30870364
                  3.5947                      0.30743571
                  3.6046                      0.30616104
                  3.6145                      0.30487969
                  3.6244                      0.30359175
                  3.6343                      0.30229728
                  3.6442                      0.30099636
                  3.6541                      0.29968906
                   3.664                      0.29837546
                  3.6739                      0.29705564
                  3.6838                      0.29572968
                  3.6937                      0.29439765
                  3.7036                      0.29305964
                  3.7135                      0.29171573
                  3.7234                      0.29036601
                  3.7333                      0.28901054
                  3.7432                      0.28764944
                  3.7531                      0.28628277
                   3.763                      0.28491063
                  3.7729                      0.28353311
                  3.7828                       0.2821503
                  3.7927                      0.28076229
                  3.8026                      0.27936917
                  3.8125                      0.27797105
                  3.8224                      0.27656802
                  3.8323                      0.27516017
                  3.8422                      0.27374761
                  3.8521                      0.27233044
                   3.862                      0.27090875
                  3.8719                      0.26948267
                  3.8818                      0.26805229
                  3.8917                      0.26661771
                  3.9016                      0.26517906
                  3.9115                      0.26373644
                  3.9214                      0.26228997
                  3.9313                      0.26083976
                  3.9412                      0.25938593
                  3.9511                      0.25792859
                   3.961                      0.25646788
                  3.9709                      0.25500391
                  3.9808                       0.2535368
                  3.9907                      0.25206669
                  4.0006                      0.25059371
                  4.0105                      0.24911799
                  4.0204                      0.24763965
                  4.0303                      0.24615885
                  4.0402                      0.24467571
                  4.0501                      0.24319038
                    4.06                      0.24170301
                  4.0699                      0.24021373
                  4.0798                      0.23872271
                  4.0897                      0.23723008
                  4.0996                      0.23573602
                  4.1095                      0.23424066
                  4.1194                      0.23274418
                  4.1293                      0.23124673
                  4.1392                      0.22974849
                  4.1491                      0.22824963
                   4.159                      0.22675031
                  4.1689                      0.22525071
                  4.1788                      0.22375101
                  4.1887                       0.2222514
                  4.1986                      0.22075206
                  4.2085                      0.21925318
                  4.2184                      0.21775495
                  4.2283                      0.21625758
                  4.2382                      0.21476126
                  4.2481                       0.2132662
                   4.258                      0.21177261
                  4.2679                       0.2102807
                  4.2778                      0.20879069
                  4.2877                       0.2073028
                  4.2976                      0.20581727
                  4.3075                      0.20433431
                  4.3174                      0.20285417
                  4.3273                      0.20137709
                  4.3372                      0.19990331
                  4.3471                      0.19843309
                   4.357                      0.19696668
                  4.3669                      0.19550434
                  4.3768                      0.19404634
                  4.3867                      0.19259295
                  4.3966                      0.19114445
                  4.4065                      0.18970112
                  4.4164                      0.18826325
                  4.4263                      0.18683114
                  4.4362                      0.18540508
                  4.4461                       0.1839854
                   4.456                      0.18257239
                  4.4659                      0.18116638
                  4.4758                       0.1797677
                  4.4857                      0.17837668
                  4.4956                      0.17699365
                  4.5055                      0.17561898
                  4.5154                        0.174253
                  4.5253                      0.17289609
                  4.5352                       0.1715486
                  4.5451                      0.17021092
                   4.555                      0.16888342
                  4.5649                      0.16756649
                  4.5748                      0.16626053
                  4.5847                      0.16496594
                  4.5946                      0.16368313
                  4.6045                      0.16241252
                  4.6144                      0.16115454
                  4.6243                      0.15990961
                  4.6342                      0.15867817
                  4.6441                      0.15746066
                   4.654                      0.15625755
                  4.6639                      0.15506927
                  4.6738                      0.15389631
                  4.6837                      0.15273913
                  4.6936                       0.1515982
                  4.7035                      0.15047401
                  4.7134                      0.14936704
                  4.7233                      0.14827778
                  4.7332                      0.14720673
                  4.7431                      0.14615439
                   4.753                      0.14512126
                  4.7629                      0.14410785
                  4.7728                      0.14311465
                  4.7827                      0.14214219
                  4.7926                      0.14119097
                  4.8025                       0.1402615
                  4.8124                       0.1393543
                  4.8223                      0.13846986
                  4.8322                      0.13760869
                  4.8421                       0.1367713
                   4.852                      0.13595819
                  4.8619                      0.13516984
                  4.8718                      0.13440675
                  4.8817                      0.13366938
                  4.8916                      0.13295822
                  4.9015                      0.13227372
                  4.9114                      0.13161633
                  4.9213                      0.13098649
                  4.9312                      0.13038463
                  4.9411                      0.12981115
                   4.951                      0.12926644
                  4.9609                      0.12875089
                  4.9708                      0.12826485
                  4.9807                      0.12780867
                  4.9906                      0.12738265
                  5.0005                       0.1269871
                  5.0104                       0.1266223
                  5.0203                      0.12628848
                  5.0302                      0.12598589
                  5.0401                      0.12571471
                    5.05                      0.12547513
                  5.0599                       0.1252673
                  5.0698                      0.12509132
                  5.0797                       0.1249473
                  5.0896                       0.1248353
                  5.0995                      0.12475535
                  5.1094                      0.12470745
                  5.1193                       0.1246916
                  5.1292                      0.12470772
                  5.1391                      0.12475575
                   5.149                      0.12483556
                  5.1589                      0.12494703
                  5.1688                      0.12508999
                  5.1787                      0.12526424
                  5.1886                      0.12546957
                  5.1985                      0.12570573
                  5.2084                      0.12597244
                  5.2183                      0.12626942
                  5.2282                      0.12659635
                  5.2381                      0.12695289
                   5.248                      0.12733868
                  5.2579                      0.12775333
                  5.2678                      0.12819646
                  5.2777                      0.12866764
                  5.2876                      0.12916644
                  5.2975                      0.12969243
                  5.3074                      0.13024513
                  5.3173                      0.13082408
                  5.3272                      0.13142879
                  5.3371                      0.13205878
                   5.347                      0.13271354
                  5.3569                      0.13339255
                  5.3668                      0.13409532
                  5.3767                      0.13482131
                  5.3866                      0.13557001
                  5.3965                      0.13634089
                  5.4064                      0.13713342
                  5.4163                      0.13794706
                  5.4262                       0.1387813
                  5.4361                       0.1396356
                   5.446                      0.14050943
                  5.4559                      0.14140227
                  5.4658                      0.14231359
                  5.4757                      0.14324288
                  5.4856                      0.14418963
                  5.4955                      0.14515331
                  5.5054                      0.14613344
                  5.5153                       0.1471295
                  5.5252                        0.148141
                  5.5351                      0.14916747
                   5.545                      0.15020841
                  5.5549                      0.15126335
                  5.5648                      0.15233184
                  5.5747                       0.1534134
                  5.5846                      0.15450759
                  5.5945                      0.15561396
                  5.6044                      0.15673209
                  5.6143                      0.15786154
                  5.6242                      0.15900189
                  5.6341                      0.16015274
                   5.644                      0.16131367
                  5.6539                       0.1624843
                  5.6638                      0.16366424
                  5.6737                      0.16485311
                  5.6836                      0.16605053
                  5.6935                      0.16725616
                  5.7034                      0.16846962
                  5.7133                      0.16969058
                  5.7232                      0.17091869
                  5.7331                      0.17215363
                   5.743                      0.17339508
                  5.7529                       0.1746427
                  5.7628                      0.17589621
                  5.7727                      0.17715528
                  5.7826                      0.17841964
                  5.7925                      0.17968899
                  5.8024                      0.18096306
                  5.8123                      0.18224156
                  5.8222                      0.18352424
                  5.8321                      0.18481082
                   5.842                      0.18610107
                  5.8519                      0.18739472
                  5.8618                      0.18869153
                  5.8717                      0.18999128
                  5.8816                      0.19129373
                  5.8915                      0.19259865
                  5.9014                      0.19390583
                  5.9113                      0.19521506
                  5.9212                      0.19652611
                  5.9311                       0.1978388
                   5.941                      0.19915292
                  5.9509                      0.20046829
                  5.9608                       0.2017847
                  5.9707                      0.20310198
                  5.9806                      0.20441995
                  5.9905                      0.20573844
                  6.0004                      0.20705726
                  6.0103                      0.20837627
                  6.0202                      0.20969529
                  6.0301                      0.21101417
                    6.04                      0.21233275
                  6.0499                      0.21365089
                  6.0598                      0.21496843
                  6.0697                      0.21628524
                  6.0796                      0.21760118
                  6.0895                       0.2189161
                  6.0994                      0.22022988
                  6.1093                      0.22154238
                  6.1192                      0.22285349
                  6.1291                      0.22416308
                   6.139                      0.22547102
                  6.1489                      0.22677721
                  6.1588                      0.22808152
                  6.1687                      0.22938385
                  6.1786                      0.23068409
                  6.1885                      0.23198214
                  6.1984                      0.23327788
                  6.2083                      0.23457122
                  6.2182                      0.23586206
                  6.2281                      0.23715031
                   6.238                      0.23843587
                  6.2479                      0.23971865
                  6.2578                      0.24099856
                  6.2677                      0.24227552
                  6.2776                      0.24354943
                  6.2875                      0.24482023
                  6.2974                      0.24608782
                  6.3073                      0.24735214
                  6.3172                      0.24861309
                  6.3271                      0.24987062
                   6.337                      0.25112464
                  6.3469                      0.25237509
                  6.3568                      0.25362189
                  6.3667                      0.25486498
                  6.3766                      0.25610429
                  6.3865                      0.25733976
                  6.3964                      0.25857133
                  6.4063                      0.25979894
                  6.4162                      0.26102251
                  6.4261                      0.26224201
                   6.436                      0.26345737
                  6.4459                      0.26466853
                  6.4558                      0.26587545
                  6.4657                      0.26707807
                  6.4756                      0.26827633
                  6.4855                       0.2694702
                  6.4954                      0.27065961
                  6.5053                      0.27184453
                  6.5152                      0.27302491
                  6.5251                       0.2742007
                   6.535                      0.27537186
                  6.5449                      0.27653835
                  6.5548                      0.27770012
                  6.5647                      0.27885714
                  6.5746                      0.28000936
                  6.5845                      0.28115675
                  6.5944                      0.28229927
                  6.6043                      0.28343688
                  6.6142                      0.28456955
                  6.6241                      0.28569725
                   6.634                      0.28681994
                  6.6439                      0.28793759
                  6.6538                      0.28905016
                  6.6637                      0.29015763
                  6.6736                      0.29125997
                  6.6835                      0.29235714
                  6.6934                      0.29344912
                  6.7033                      0.29453589
                  6.7132                      0.29561741
                  6.7231                      0.29669365
                   6.733                       0.2977646
                  6.7429                      0.29883024
                  6.7528                      0.29989052
                  6.7627                      0.30094544
                  6.7726                      0.30199497
                  6.7825                      0.30303909
                  6.7924                      0.30407778
                  6.8023                      0.30511101
                  6.8122                      0.30613877
                  6.8221                      0.30716104
                   6.832                       0.3081778
                  6.8419                      0.30918903
                  6.8518                      0.31019472
                  6.8617                      0.31119485
                  6.8716                      0.31218939
                  6.8815                      0.31317835
                  6.8914                      0.31416169
                  6.9013                      0.31513941
                  6.9112                      0.31611149
                  6.9211                      0.31707793
                   6.931                      0.31803869
                  6.9409                      0.31899378
                  6.9508                      0.31994318
                  6.9607                      0.32088688
                  6.9706                      0.32182487
                  6.9805                      0.32275714
                  6.9904                      0.32368367
                  7.0003                      0.32460445
                  7.0102                      0.32551949
                  7.0201                      0.32642876
                    7.03                      0.32733226
                  7.0399                      0.32822998
                  7.0498                      0.32912192
                  7.0597                      0.33000806
                  7.0696                      0.33088839
                  7.0795                      0.33176292
                  7.0894                      0.33263163
                  7.0993                      0.33349452
                  7.1092                      0.33435158
                  7.1191                      0.33520281
                   7.129                       0.3360482
                  7.1389                      0.33688774
                  7.1488                      0.33772144
                  7.1587                      0.33854928
                  7.1686                      0.33937126
                  7.1785                      0.34018738
                  7.1884                      0.34099764
                  7.1983                      0.34180203
                  7.2082                      0.34260055
                  7.2181                       0.3433932
                   7.228                      0.34417996
                  7.2379                      0.34496085
                  7.2478                      0.34573586
                  7.2577                      0.34650499
                  7.2676                      0.34726823
                  7.2775                      0.34802559
                  7.2874                      0.34877705
                  7.2973                      0.34952264
                  7.3072                      0.35026233
                  7.3171                      0.35099613
                   7.327                      0.35172404
                  7.3369                      0.35244607
                  7.3468                       0.3531622
                  7.3567                      0.35387244
                  7.3666                       0.3545768
                  7.3765                      0.35527526
                  7.3864                      0.35596784
                  7.3963                      0.35665453
                  7.4062                      0.35733534
                  7.4161                      0.35801025
                   7.426                      0.35867929
                  7.4359                      0.35934244
                  7.4458                      0.35999971
                  7.4557                       0.3606511
                  7.4656                      0.36129661
                  7.4755                      0.36193625
                  7.4854                      0.36257002
                  7.4953                      0.36319791
                  7.5052                      0.36381993
                  7.5151                      0.36443609
                   7.525                      0.36504638
                  7.5349                      0.36565081
                  7.5448                      0.36624938
                  7.5547                       0.3668421
                  7.5646                      0.36742896
                  7.5745                      0.36800997
                  7.5844                      0.36858513
                  7.5943                      0.36915445
                  7.6042                      0.36971793
                  7.6141                      0.37027557
                   7.624                      0.37082738
                  7.6339                      0.37137335
                  7.6438                       0.3719135
                  7.6537                      0.37244782
                  7.6636                      0.37297632
                  7.6735                      0.37349901
                  7.6834                      0.37401588
                  7.6933                      0.37452694
                  7.7032                       0.3750322
                  7.7131                      0.37553165
                   7.723                      0.37602531
                  7.7329                      0.37651317
                  7.7428                      0.37699524
                  7.7527                      0.37747153
                  7.7626                      0.37794203
                  7.7725                      0.37840676
                  7.7824                      0.37886571
                  7.7923                      0.37931889
                  7.8022                       0.3797663
                  7.8121                      0.38020795
                   7.822                      0.38064385
                  7.8319                      0.38107399
                  7.8418                      0.38149838
                  7.8517                      0.38191702
                  7.8616                      0.38232993
                  7.8715                      0.38273709
                  7.8814                      0.38313853
                  7.8913                      0.38353423
                  7.9012                      0.38392421
                  7.9111                      0.38430847
                   7.921                      0.38468701
                  7.9309                      0.38505984
                  7.9408                      0.38542697
                  7.9507                      0.38578838
                  7.9606                       0.3861441
                  7.9705                      0.38649412
                  7.9804                      0.38683845
                  7.9903                       0.3871771
                  8.0002                      0.38751006
                  8.0101                      0.38783733
                    8.02                      0.38815894
                  8.0299                      0.38847487
                  8.0398                      0.38878513
                  8.0497                      0.38908973
                  8.0596                      0.38938867
                  8.0695                      0.38968195
                  8.0794                      0.38996958
                  8.0893                      0.39025155
                  8.0992                      0.39052789
                  8.1091                      0.39079858
                   8.119                      0.39106364
                  8.1289                      0.39132305
                  8.1388                      0.39157684
                  8.1487                        0.391825
                  8.1586                      0.39206754
                  8.1685                      0.39230446
                  8.1784                      0.39253576
                  8.1883                      0.39276144
                  8.1982                      0.39298151
                  8.2081                      0.39319598
                   8.218                      0.39340484
                  8.2279                       0.3936081
                  8.2378                      0.39380576
                  8.2477                      0.39399783
                  8.2576                       0.3941843
                  8.2675                      0.39436519
                  8.2774                      0.39454048
                  8.2873                      0.39471019
                  8.2972                      0.39487432
                  8.3071                      0.39503288
                   8.317                      0.39518585
                  8.3269                      0.39533325
                  8.3368                      0.39547508
                  8.3467                      0.39561134
                  8.3566                      0.39574203
                  8.3665                      0.39586716
                  8.3764                      0.39598672
                  8.3863                      0.39610073
                  8.3962                      0.39620917
                  8.4061                      0.39631206
                   8.416                      0.39640939
                  8.4259                      0.39650117
                  8.4358                       0.3965874
                  8.4457                      0.39666808
                  8.4556                       0.3967432
                  8.4655                      0.39681279
                  8.4754                      0.39687682
                  8.4853                      0.39693531
                  8.4952                      0.39698826
                  8.5051                      0.39703566
                   8.515                      0.39707753
                  8.5249                      0.39711385
                  8.5348                      0.39714464
                  8.5447                      0.39716988
                  8.5546                      0.39718959
                  8.5645                      0.39720376
                  8.5744                       0.3972124
                  8.5843                       0.3972155
                  8.5942                      0.39721306
                  8.6041                      0.39720509
                   8.614                      0.39719158
                  8.6239                      0.39717254
                  8.6338                      0.39714796
                  8.6437                      0.39711784
                  8.6536                       0.3970822
                  8.6635                      0.39704101
                  8.6734                      0.39699429
                  8.6833                      0.39694204
                  8.6932                      0.39688425
                  8.7031                      0.39682092
                   8.713                      0.39675205
                  8.7229                      0.39667765
                  8.7328                      0.39659771
                  8.7427                      0.39651222
                  8.7526                       0.3964212
                  8.7625                      0.39632463
                  8.7724                      0.39622252
                  8.7823                      0.39611487
                  8.7922                      0.39600167
                  8.8021                      0.39588292
                   8.812                      0.39575862
                  8.8219                      0.39562878
                  8.8318                      0.39549338
                  8.8417                      0.39535243
                  8.8516                      0.39520592
                  8.8615                      0.39505386
                  8.8714                      0.39489623
                  8.8813                      0.39473305
                  8.8912                       0.3945643
                  8.9011                      0.39438998
                   8.911                       0.3942101
                  8.9209                      0.39402465
                  8.9308                      0.39383362
                  8.9407                      0.39363702
                  8.9506                      0.39343483
                  8.9605                      0.39322707
                  8.9704                      0.39301372
                  8.9803                      0.39279479
                  8.9902                      0.39257027
                  9.0001                      0.39234015
                    9.01                      0.39210444
                  9.0199                      0.39186312
                  9.0298                      0.39161621
                  9.0397                      0.39136369
                  9.0496                      0.39110556
                  9.0595                      0.39084181
                  9.0694                      0.39057245
                  9.0793                      0.39029747
                  9.0892                      0.39001686
                  9.0991                      0.38973063
                   9.109                      0.38943876
                  9.1189                      0.38914126
                  9.1288                      0.38883812
                  9.1387                      0.38852933
                  9.1486                       0.3882149
                  9.1585                      0.38789481
                  9.1684                      0.38756907
                  9.1783                      0.38723766
                  9.1882                      0.38690059
                  9.1981                      0.38655785
                   9.208                      0.38620943
                  9.2179                      0.38585533
                  9.2278                      0.38549555
                  9.2377                      0.38513008
                  9.2476                      0.38475892
                  9.2575                      0.38438206
                  9.2674                      0.38399949
                  9.2773                      0.38361122
                  9.2872                      0.38321723
                  9.2971                      0.38281752
                   9.307                      0.38241209
                  9.3169                      0.38200093
                  9.3268                      0.38158403
                  9.3367                       0.3811614
                  9.3466                      0.38073302
                  9.3565                      0.38029889
                  9.3664                      0.37985901
                  9.3763                      0.37941336
                  9.3862                      0.37896194
                  9.3961                      0.37850476
                   9.406                       0.3780418
                  9.4159                      0.37757305
                  9.4258                      0.37709851
                  9.4357                      0.37661818
                  9.4456                      0.37613205
                  9.4555                      0.37564011
                  9.4654                      0.37514236
                  9.4753                       0.3746388
                  9.4852                      0.37412941
                  9.4951                      0.37361419
                   9.505                      0.37309314
                  9.5149                      0.37256624
                  9.5248                       0.3720335
                  9.5347                      0.37149491
                  9.5446                      0.37095046
                  9.5545                      0.37040014
                  9.5644                      0.36984396
                  9.5743                       0.3692819
                  9.5842                      0.36871396
                  9.5941                      0.36814013
                   9.604                      0.36756041
                  9.6139                      0.36697479
                  9.6238                      0.36638326
                  9.6337                      0.36578582
                  9.6436                      0.36518247
                  9.6535                       0.3645732
                  9.6634                      0.36395799
                  9.6733                      0.36333686
                  9.6832                      0.36270978
                  9.6931                      0.36207676
                   9.703                      0.36143779
                  9.7129                      0.36079287
                  9.7228                      0.36014198
                  9.7327                      0.35948513
                  9.7426                       0.3588223
                  9.7525                      0.35815349
                  9.7624                      0.35747871
                  9.7723                      0.35679793
                  9.7822                      0.35611116
                  9.7921                      0.35541839
                   9.802                      0.35471962
                  9.8119                      0.35401484
                  9.8218                      0.35330404
                  9.8317                      0.35258723
                  9.8416                      0.35186439
                  9.8515                      0.35113552
                  9.8614                      0.35040063
                  9.8713                      0.34965969
                  9.8812                      0.34891271
                  9.8911                      0.34815968
                   9.901                      0.34740061
                  9.9109                      0.34663548
                  9.9208                      0.34586429
                  9.9307                      0.34508703
                  9.9406                      0.34430371
                  9.9505                      0.34351432
                  9.9604                      0.34271885
                  9.9703                      0.34191731
                  9.9802                      0.34110969
                  9.9901                      0.34029598
                      10                      0.33947618

