
                     0.1                      0.99895336
                  0.1099                      0.99872663
                  0.1198                      0.99848009
                  0.1297                      0.99821378
                  0.1396                      0.99792773
                  0.1495                      0.99762201
                  0.1594                      0.99729667
                  0.1693                      0.99695176
                  0.1792                      0.99658736
                  0.1891                      0.99620353
                   0.199                      0.99580034
                  0.2089                      0.99537787
                  0.2188                      0.99493621
                  0.2287                      0.99447543
                  0.2386                      0.99399562
                  0.2485                      0.99349688
                  0.2584                       0.9929793
                  0.2683                      0.99244299
                  0.2782                      0.99188805
                  0.2881                      0.99131458
                   0.298                       0.9907227
                  0.3079                      0.99011253
                  0.3178                      0.98948417
                  0.3277                      0.98883777
                  0.3376                      0.98817343
                  0.3475                      0.98749129
                  0.3574                      0.98679149
                  0.3673                      0.98607416
                  0.3772                      0.98533943
                  0.3871                      0.98458746
                   0.397                      0.98381838
                  0.4069                      0.98303234
                  0.4168                       0.9822295
                  0.4267                         0.98141
                  0.4366                      0.98057402
                  0.4465                      0.97972169
                  0.4564                       0.9788532
                  0.4663                      0.97796869
                  0.4762                      0.97706834
                  0.4861                      0.97615232
                   0.496                       0.9752208
                  0.5059                      0.97427395
                  0.5158                      0.97331195
                  0.5257                      0.97233498
                  0.5356                      0.97134321
                  0.5455                      0.97033683
                  0.5554                      0.96931601
                  0.5653                      0.96828096
                  0.5752                      0.96723185
                  0.5851                      0.96616887
                   0.595                      0.96509221
                  0.6049                      0.96400206
                  0.6148                      0.96289862
                  0.6247                      0.96178207
                  0.6346                      0.96065262
                  0.6445                      0.95951046
                  0.6544                      0.95835579
                  0.6643                       0.9571888
                  0.6742                       0.9560097
                  0.6841                      0.95481867
                   0.694                      0.95361593
                  0.7039                      0.95240168
                  0.7138                      0.95117611
                  0.7237                      0.94993942
                  0.7336                      0.94869183
                  0.7435                      0.94743353
                  0.7534                      0.94616472
                  0.7633                      0.94488561
                  0.7732                       0.9435964
                  0.7831                      0.94229729
                   0.793                      0.94098849
                  0.8029                       0.9396702
                  0.8128                      0.93834263
                  0.8227                      0.93700597
                  0.8326                      0.93566043
                  0.8425                       0.9343062
                  0.8524                       0.9329435
                  0.8623                      0.93157253
                  0.8722                      0.93019347
                  0.8821                      0.92880654
                   0.892                      0.92741194
                  0.9019                      0.92600985
                  0.9118                      0.92460049
                  0.9217                      0.92318405
                  0.9316                      0.92176072
                  0.9415                       0.9203307
                  0.9514                      0.91889419
                  0.9613                      0.91745137
                  0.9712                      0.91600245
                  0.9811                      0.91454761
                   0.991                      0.91308705
                  1.0009                      0.91162095
                  1.0108                       0.9101495
                  1.0207                       0.9086729
                  1.0306                      0.90719132
                  1.0405                      0.90570495
                  1.0504                      0.90421398
                  1.0603                      0.90271858
                  1.0702                      0.90121894
                  1.0801                      0.89971524
                    1.09                      0.89820765
                  1.0999                      0.89669636
                  1.1098                      0.89518153
                  1.1197                      0.89366335
                  1.1296                      0.89214197
                  1.1395                      0.89061758
                  1.1494                      0.88909034
                  1.1593                      0.88756042
                  1.1692                      0.88602799
                  1.1791                      0.88449321
                   1.189                      0.88295623
                  1.1989                      0.88141724
                  1.2088                      0.87987637
                  1.2187                       0.8783338
                  1.2286                      0.87678967
                  1.2385                      0.87524415
                  1.2484                      0.87369738
                  1.2583                      0.87214951
                  1.2682                      0.87060069
                  1.2781                      0.86905108
                   1.288                      0.86750082
                  1.2979                      0.86595004
                  1.3078                       0.8643989
                  1.3177                      0.86284753
                  1.3276                      0.86129608
                  1.3375                      0.85974468
                  1.3474                      0.85819346
                  1.3573                      0.85664256
                  1.3672                      0.85509211
                  1.3771                      0.85354224
                   1.387                      0.85199308
                  1.3969                      0.85044475
                  1.4068                      0.84889739
                  1.4167                      0.84735111
                  1.4266                      0.84580603
                  1.4365                      0.84426228
                  1.4464                      0.84271997
                  1.4563                      0.84117922
                  1.4662                      0.83964014
                  1.4761                      0.83810285
                   1.486                      0.83656746
                  1.4959                      0.83503408
                  1.5058                      0.83350281
                  1.5157                      0.83197376
                  1.5256                      0.83044703
                  1.5355                      0.82892274
                  1.5454                      0.82740097
                  1.5553                      0.82588183
                  1.5652                      0.82436542
                  1.5751                      0.82285184
                   1.585                      0.82134117
                  1.5949                      0.81983351
                  1.6048                      0.81832896
                  1.6147                       0.8168276
                  1.6246                      0.81532952
                  1.6345                      0.81383481
                  1.6444                      0.81234355
                  1.6543                      0.81085583
                  1.6642                      0.80937173
                  1.6741                      0.80789134
                   1.684                      0.80641472
                  1.6939                      0.80494196
                  1.7038                      0.80347314
                  1.7137                      0.80200834
                  1.7236                      0.80054761
                  1.7335                      0.79909104
                  1.7434                       0.7976387
                  1.7533                      0.79619066
                  1.7632                      0.79474699
                  1.7731                      0.79330775
                   1.783                      0.79187301
                  1.7929                      0.79044283
                  1.8028                      0.78901728
                  1.8127                      0.78759641
                  1.8226                       0.7861803
                  1.8325                      0.78476899
                  1.8424                      0.78336255
                  1.8523                      0.78196104
                  1.8622                       0.7805645
                  1.8721                      0.77917299
                   1.882                      0.77778658
                  1.8919                       0.7764053
                  1.9018                      0.77502921
                  1.9117                      0.77365836
                  1.9216                       0.7722928
                  1.9315                      0.77093257
                  1.9414                      0.76957773
                  1.9513                      0.76822831
                  1.9612                      0.76688437
                  1.9711                      0.76554594
                   1.981                      0.76421307
                  1.9909                       0.7628858
                  2.0008                      0.76156417
                  2.0107                      0.76024822
                  2.0206                      0.75893799
                  2.0305                      0.75763352
                  2.0404                      0.75633483
                  2.0503                      0.75504197
                  2.0602                      0.75375498
                  2.0701                      0.75247388
                    2.08                       0.7511987
                  2.0899                      0.74992949
                  2.0998                      0.74866627
                  2.1097                      0.74740908
                  2.1196                      0.74615793
                  2.1295                      0.74491286
                  2.1394                       0.7436739
                  2.1493                      0.74244108
                  2.1592                      0.74121441
                  2.1691                      0.73999393
                   2.179                      0.73877967
                  2.1889                      0.73757163
                  2.1988                      0.73636986
                  2.2087                      0.73517436
                  2.2186                      0.73398517
                  2.2285                       0.7328023
                  2.2384                      0.73162577
                  2.2483                       0.7304556
                  2.2582                      0.72929182
                  2.2681                      0.72813443
                   2.278                      0.72698346
                  2.2879                      0.72583893
                  2.2978                      0.72470085
                  2.3077                      0.72356923
                  2.3176                      0.72244409
                  2.3275                      0.72132545
                  2.3374                      0.72021331
                  2.3473                       0.7191077
                  2.3572                      0.71800862
                  2.3671                      0.71691609
                   2.377                      0.71583012
                  2.3869                      0.71475072
                  2.3968                      0.71367789
                  2.4067                      0.71261166
                  2.4166                      0.71155202
                  2.4265                      0.71049899
                  2.4364                      0.70945257
                  2.4463                      0.70841278
                  2.4562                      0.70737962
                  2.4661                       0.7063531
                   2.476                      0.70533322
                  2.4859                      0.70431998
                  2.4958                      0.70331341
                  2.5057                      0.70231349
                  2.5156                      0.70132023
                  2.5255                      0.70033364
                  2.5354                      0.69935373
                  2.5453                      0.69838048
                  2.5552                      0.69741392
                  2.5651                      0.69645403
                   2.575                      0.69550082
                  2.5849                      0.69455429
                  2.5948                      0.69361445
                  2.6047                      0.69268128
                  2.6146                       0.6917548
                  2.6245                      0.69083501
                  2.6344                      0.68992189
                  2.6443                      0.68901546
                  2.6542                       0.6881157
                  2.6641                      0.68722262
                   2.674                      0.68633622
                  2.6839                      0.68545649
                  2.6938                      0.68458343
                  2.7037                      0.68371704
                  2.7136                       0.6828573
                  2.7235                      0.68200423
                  2.7334                      0.68115781
                  2.7433                      0.68031804
                  2.7532                      0.67948492
                  2.7631                      0.67865843
                   2.773                      0.67783858
                  2.7829                      0.67702536
                  2.7928                      0.67621876
                  2.8027                      0.67541877
                  2.8126                      0.67462539
                  2.8225                       0.6738386
                  2.8324                      0.67305842
                  2.8423                      0.67228481
                  2.8522                      0.67151779
                  2.8621                      0.67075733
                   2.872                      0.67000343
                  2.8819                      0.66925608
                  2.8918                      0.66851527
                  2.9017                      0.66778099
                  2.9116                      0.66705323
                  2.9215                      0.66633199
                  2.9314                      0.66561724
                  2.9413                      0.66490898
                  2.9512                       0.6642072
                  2.9611                      0.66351189
                   2.971                      0.66282303
                  2.9809                      0.66214062
                  2.9908                      0.66146464
                  3.0007                      0.66079508
                  3.0106                      0.66013192
                  3.0205                      0.65947515
                  3.0304                      0.65882477
                  3.0403                      0.65818075
                  3.0502                      0.65754309
                  3.0601                      0.65691176
                    3.07                      0.65628676
                  3.0799                      0.65566806
                  3.0898                      0.65505566
                  3.0997                      0.65444954
                  3.1096                      0.65384969
                  3.1195                      0.65325609
                  3.1294                      0.65266871
                  3.1393                      0.65208756
                  3.1492                      0.65151261
                  3.1591                      0.65094384
                   3.169                      0.65038124
                  3.1789                      0.64982479
                  3.1888                      0.64927447
                  3.1987                      0.64873027
                  3.2086                      0.64819217
                  3.2185                      0.64766014
                  3.2284                      0.64713418
                  3.2383                      0.64661427
                  3.2482                      0.64610038
                  3.2581                       0.6455925
                   3.268                       0.6450906
                  3.2779                      0.64459467
                  3.2878                      0.64410469
                  3.2977                      0.64362064
                  3.3076                       0.6431425
                  3.3175                      0.64267025
                  3.3274                      0.64220387
                  3.3373                      0.64174333
                  3.3472                      0.64128862
                  3.3571                      0.64083972
                   3.367                       0.6403966
                  3.3769                      0.63995924
                  3.3868                      0.63952763
                  3.3967                      0.63910173
                  3.4066                      0.63868153
                  3.4165                      0.63826701
                  3.4264                      0.63785814
                  3.4363                       0.6374549
                  3.4462                      0.63705726
                  3.4561                      0.63666521
                   3.466                      0.63627872
                  3.4759                      0.63589776
                  3.4858                      0.63552232
                  3.4957                      0.63515237
                  3.5056                      0.63478788
                  3.5155                      0.63442883
                  3.5254                       0.6340752
                  3.5353                      0.63372695
                  3.5452                      0.63338408
                  3.5551                      0.63304654
                   3.565                      0.63271432
                  3.5749                      0.63238739
                  3.5848                      0.63206572
                  3.5947                      0.63174929
                  3.6046                      0.63143807
                  3.6145                      0.63113204
                  3.6244                      0.63083117
                  3.6343                      0.63053543
                  3.6442                       0.6302448
                  3.6541                      0.62995924
                   3.664                      0.62967874
                  3.6739                      0.62940326
                  3.6838                      0.62913278
                  3.6937                      0.62886727
                  3.7036                       0.6286067
                  3.7135                      0.62835104
                  3.7234                      0.62810027
                  3.7333                      0.62785436
                  3.7432                      0.62761327
                  3.7531                      0.62737698
                   3.763                      0.62714547
                  3.7729                       0.6269187
                  3.7828                      0.62669664
                  3.7927                      0.62647926
                  3.8026                      0.62626654
                  3.8125                      0.62605845
                  3.8224                      0.62585495
                  3.8323                      0.62565601
                  3.8422                      0.62546162
                  3.8521                      0.62527173
                   3.862                      0.62508631
                  3.8719                      0.62490534
                  3.8818                      0.62472878
                  3.8917                      0.62455661
                  3.9016                       0.6243888
                  3.9115                       0.6242253
                  3.9214                       0.6240661
                  3.9313                      0.62391116
                  3.9412                      0.62376045
                  3.9511                      0.62361394
                   3.961                       0.6234716
                  3.9709                      0.62333339
                  3.9808                      0.62319929
                  3.9907                      0.62306927
                  4.0006                      0.62294328
                  4.0105                      0.62282131
                  4.0204                      0.62270331
                  4.0303                      0.62258926
                  4.0402                      0.62247913
                  4.0501                      0.62237287
                    4.06                      0.62227047
                  4.0699                      0.62217189
                  4.0798                      0.62207709
                  4.0897                      0.62198605
                  4.0996                      0.62189872
                  4.1095                      0.62181509
                  4.1194                      0.62173512
                  4.1293                      0.62165877
                  4.1392                      0.62158601
                  4.1491                      0.62151681
                   4.159                      0.62145114
                  4.1689                      0.62138896
                  4.1788                      0.62133024
                  4.1887                      0.62127496
                  4.1986                      0.62122307
                  4.2085                      0.62117454
                  4.2184                      0.62112935
                  4.2283                      0.62108745
                  4.2382                      0.62104882
                  4.2481                      0.62101342
                   4.258                      0.62098123
                  4.2679                       0.6209522
                  4.2778                      0.62092631
                  4.2877                      0.62090352
                  4.2976                      0.62088381
                  4.3075                      0.62086713
                  4.3174                      0.62085345
                  4.3273                      0.62084275
                  4.3372                      0.62083499
                  4.3471                      0.62083014
                   4.357                      0.62082816
                  4.3669                      0.62082903
                  4.3768                      0.62083271
                  4.3867                      0.62083917
                  4.3966                      0.62084838
                  4.4065                       0.6208603
                  4.4164                       0.6208749
                  4.4263                      0.62089216
                  4.4362                      0.62091203
                  4.4461                       0.6209345
                   4.456                      0.62095951
                  4.4659                      0.62098706
                  4.4758                       0.6210171
                  4.4857                      0.62104959
                  4.4956                      0.62108452
                  4.5055                      0.62112185
                  4.5154                      0.62116155
                  4.5253                      0.62120358
                  4.5352                      0.62124793
                  4.5451                      0.62129454
                   4.555                      0.62134341
                  4.5649                      0.62139448
                  4.5748                      0.62144775
                  4.5847                      0.62150316
                  4.5946                      0.62156071
                  4.6045                      0.62162034
                  4.6144                      0.62168204
                  4.6243                      0.62174578
                  4.6342                      0.62181152
                  4.6441                      0.62187924
                   4.654                      0.62194891
                  4.6639                       0.6220205
                  4.6738                      0.62209397
                  4.6837                      0.62216931
                  4.6936                      0.62224648
                  4.7035                      0.62232545
                  4.7134                       0.6224062
                  4.7233                       0.6224887
                  4.7332                      0.62257292
                  4.7431                      0.62265883
                   4.753                      0.62274641
                  4.7629                      0.62283563
                  4.7728                      0.62292646
                  4.7827                      0.62301887
                  4.7926                      0.62311285
                  4.8025                      0.62320835
                  4.8124                      0.62330537
                  4.8223                      0.62340386
                  4.8322                      0.62350381
                  4.8421                      0.62360518
                   4.852                      0.62370796
                  4.8619                      0.62381212
                  4.8718                      0.62391763
                  4.8817                      0.62402447
                  4.8916                      0.62413262
                  4.9015                      0.62424205
                  4.9114                      0.62435273
                  4.9213                      0.62446465
                  4.9312                      0.62457778
                  4.9411                       0.6246921
                   4.951                      0.62480757
                  4.9609                      0.62492419
                  4.9708                      0.62504193
                  4.9807                      0.62516077
                  4.9906                      0.62528068
                  5.0005                      0.62540164
                  5.0104                      0.62552363
                  5.0203                      0.62564663
                  5.0302                      0.62577063
                  5.0401                      0.62589559
                    5.05                       0.6260215
                  5.0599                      0.62614833
                  5.0698                      0.62627608
                  5.0797                      0.62640471
                  5.0896                      0.62653421
                  5.0995                      0.62666456
                  5.1094                      0.62679574
                  5.1193                      0.62692773
                  5.1292                      0.62706052
                  5.1391                      0.62719408
                   5.149                       0.6273284
                  5.1589                      0.62746346
                  5.1688                      0.62759924
                  5.1787                      0.62773573
                  5.1886                      0.62787291
                  5.1985                      0.62801076
                  5.2084                      0.62814926
                  5.2183                      0.62828841
                  5.2282                      0.62842818
                  5.2381                      0.62856856
                   5.248                      0.62870953
                  5.2579                      0.62885108
                  5.2678                       0.6289932
                  5.2777                      0.62913587
                  5.2876                      0.62927907
                  5.2975                       0.6294228
                  5.3074                      0.62956703
                  5.3173                      0.62971176
                  5.3272                      0.62985697
                  5.3371                      0.63000265
                   5.347                      0.63014879
                  5.3569                      0.63029538
                  5.3668                      0.63044239
                  5.3767                      0.63058983
                  5.3866                      0.63073768
                  5.3965                      0.63088592
                  5.4064                      0.63103455
                  5.4163                      0.63118357
                  5.4262                      0.63133294
                  5.4361                      0.63148268
                   5.446                      0.63163276
                  5.4559                      0.63178317
                  5.4658                      0.63193392
                  5.4757                      0.63208498
                  5.4856                      0.63223635
                  5.4955                      0.63238803
                  5.5054                         0.63254
                  5.5153                      0.63269225
                  5.5252                      0.63284478
                  5.5351                      0.63299758
                   5.545                      0.63315064
                  5.5549                      0.63330395
                  5.5648                      0.63345751
                  5.5747                      0.63361132
                  5.5846                      0.63376536
                  5.5945                      0.63391963
                  5.6044                      0.63407412
                  5.6143                      0.63422883
                  5.6242                      0.63438375
                  5.6341                      0.63453887
                   5.644                       0.6346942
                  5.6539                      0.63484973
                  5.6638                      0.63500545
                  5.6737                      0.63516135
                  5.6836                      0.63531744
                  5.6935                      0.63547371
                  5.7034                      0.63563016
                  5.7133                      0.63578678
                  5.7232                      0.63594357
                  5.7331                      0.63610053
                   5.743                      0.63625765
                  5.7529                      0.63641494
                  5.7628                      0.63657238
                  5.7727                      0.63672998
                  5.7826                      0.63688774
                  5.7925                      0.63704564
                  5.8024                      0.63720371
                  5.8123                      0.63736192
                  5.8222                      0.63752028
                  5.8321                      0.63767879
                   5.842                      0.63783745
                  5.8519                      0.63799625
                  5.8618                       0.6381552
                  5.8717                       0.6383143
                  5.8816                      0.63847355
                  5.8915                      0.63863294
                  5.9014                      0.63879248
                  5.9113                      0.63895217
                  5.9212                        0.639112
                  5.9311                      0.63927198
                   5.941                      0.63943212
                  5.9509                      0.63959241
                  5.9608                      0.63975284
                  5.9707                      0.63991344
                  5.9806                      0.64007419
                  5.9905                      0.64023509
                  6.0004                      0.64039616
                  6.0103                      0.64055739
                  6.0202                      0.64071878
                  6.0301                      0.64088034
                    6.04                      0.64104207
                  6.0499                      0.64120397
                  6.0598                      0.64136605
                  6.0697                      0.64152831
                  6.0796                      0.64169074
                  6.0895                      0.64185336
                  6.0994                      0.64201617
                  6.1093                      0.64217917
                  6.1192                      0.64234237
                  6.1291                      0.64250576
                   6.139                      0.64266936
                  6.1489                      0.64283316
                  6.1588                      0.64299718
                  6.1687                      0.64316141
                  6.1786                      0.64332586
                  6.1885                      0.64349054
                  6.1984                      0.64365545
                  6.2083                      0.64382059
                  6.2182                      0.64398597
                  6.2281                      0.64415159
                   6.238                      0.64431746
                  6.2479                      0.64448359
                  6.2578                      0.64464998
                  6.2677                      0.64481663
                  6.2776                      0.64498355
                  6.2875                      0.64515075
                  6.2974                      0.64531823
                  6.3073                        0.645486
                  6.3172                      0.64565406
                  6.3271                      0.64582242
                   6.337                      0.64599108
                  6.3469                      0.64616006
                  6.3568                      0.64632936
                  6.3667                      0.64649898
                  6.3766                      0.64666893
                  6.3865                      0.64683921
                  6.3964                      0.64700984
                  6.4063                      0.64718082
                  6.4162                      0.64735216
                  6.4261                      0.64752386
                   6.436                      0.64769593
                  6.4459                      0.64786838
                  6.4558                      0.64804121
                  6.4657                      0.64821443
                  6.4756                      0.64838805
                  6.4855                      0.64856207
                  6.4954                      0.64873651
                  6.5053                      0.64891136
                  6.5152                      0.64908665
                  6.5251                      0.64926236
                   6.535                      0.64943852
                  6.5449                      0.64961513
                  6.5548                      0.64979219
                  6.5647                      0.64996971
                  6.5746                      0.65014771
                  6.5845                      0.65032619
                  6.5944                      0.65050515
                  6.6043                       0.6506846
                  6.6142                      0.65086456
                  6.6241                      0.65104503
                   6.634                      0.65122601
                  6.6439                      0.65140752
                  6.6538                      0.65158956
                  6.6637                      0.65177215
                  6.6736                      0.65195528
                  6.6835                      0.65213897
                  6.6934                      0.65232322
                  6.7033                      0.65250804
                  6.7132                      0.65269345
                  6.7231                      0.65287945
                   6.733                      0.65306604
                  6.7429                      0.65325323
                  6.7528                      0.65344104
                  6.7627                      0.65362947
                  6.7726                      0.65381853
                  6.7825                      0.65400822
                  6.7924                      0.65419856
                  6.8023                      0.65438956
                  6.8122                      0.65458122
                  6.8221                      0.65477354
                   6.832                      0.65496655
                  6.8419                      0.65516024
                  6.8518                      0.65535462
                  6.8617                      0.65554971
                  6.8716                      0.65574551
                  6.8815                      0.65594203
                  6.8914                      0.65613927
                  6.9013                      0.65633726
                  6.9112                      0.65653598
                  6.9211                      0.65673546
                   6.931                       0.6569357
                  6.9409                      0.65713671
                  6.9508                      0.65733849
                  6.9607                      0.65754107
                  6.9706                      0.65774443
                  6.9805                       0.6579486
                  6.9904                      0.65815357
                  7.0003                      0.65835937
                  7.0102                      0.65856599
                  7.0201                      0.65877345
                    7.03                      0.65898175
                  7.0399                       0.6591909
                  7.0498                      0.65940092
                  7.0597                       0.6596118
                  7.0696                      0.65982355
                  7.0795                      0.66003619
                  7.0894                      0.66024973
                  7.0993                      0.66046416
                  7.1092                       0.6606795
                  7.1191                      0.66089576
                   7.129                      0.66111295
                  7.1389                      0.66133107
                  7.1488                      0.66155013
                  7.1587                      0.66177014
                  7.1686                       0.6619911
                  7.1785                      0.66221304
                  7.1884                      0.66243594
                  7.1983                      0.66265983
                  7.2082                      0.66288471
                  7.2181                      0.66311058
                   7.228                      0.66333746
                  7.2379                      0.66356536
                  7.2478                      0.66379428
                  7.2577                      0.66402422
                  7.2676                      0.66425521
                  7.2775                      0.66448723
                  7.2874                      0.66472032
                  7.2973                      0.66495446
                  7.3072                      0.66518967
                  7.3171                      0.66542596
                   7.327                      0.66566333
                  7.3369                       0.6659018
                  7.3468                      0.66614136
                  7.3567                      0.66638203
                  7.3666                      0.66662382
                  7.3765                      0.66686673
                  7.3864                      0.66711077
                  7.3963                      0.66735595
                  7.4062                      0.66760227
                  7.4161                      0.66784975
                   7.426                      0.66809839
                  7.4359                      0.66834819
                  7.4458                      0.66859918
                  7.4557                      0.66885134
                  7.4656                       0.6691047
                  7.4755                      0.66935925
                  7.4854                      0.66961501
                  7.4953                      0.66987198
                  7.5052                      0.67013017
                  7.5151                      0.67038959
                   7.525                      0.67065024
                  7.5349                      0.67091213
                  7.5448                      0.67117527
                  7.5547                      0.67143967
                  7.5646                      0.67170533
                  7.5745                      0.67197226
                  7.5844                      0.67224047
                  7.5943                      0.67250996
                  7.6042                      0.67278075
                  7.6141                      0.67305283
                   7.624                      0.67332621
                  7.6339                      0.67360091
                  7.6438                      0.67387693
                  7.6537                      0.67415427
                  7.6636                      0.67443295
                  7.6735                      0.67471296
                  7.6834                      0.67499432
                  7.6933                      0.67527703
                  7.7032                       0.6755611
                  7.7131                      0.67584654
                   7.723                      0.67613335
                  7.7329                      0.67642154
                  7.7428                      0.67671112
                  7.7527                      0.67700209
                  7.7626                      0.67729445
                  7.7725                      0.67758822
                  7.7824                      0.67788341
                  7.7923                      0.67818001
                  7.8022                      0.67847803
                  7.8121                      0.67877749
                   7.822                      0.67907838
                  7.8319                      0.67938072
                  7.8418                       0.6796845
                  7.8517                      0.67998974
                  7.8616                      0.68029644
                  7.8715                      0.68060461
                  7.8814                      0.68091426
                  7.8913                      0.68122538
                  7.9012                      0.68153799
                  7.9111                      0.68185209
                   7.921                      0.68216769
                  7.9309                      0.68248479
                  7.9408                       0.6828034
                  7.9507                      0.68312352
                  7.9606                      0.68344517
                  7.9705                      0.68376834
                  7.9804                      0.68409305
                  7.9903                      0.68441929
                  8.0002                      0.68474708
                  8.0101                      0.68507641
                    8.02                       0.6854073
                  8.0299                      0.68573975
                  8.0398                      0.68607377
                  8.0497                      0.68640936
                  8.0596                      0.68674652
                  8.0695                      0.68708527
                  8.0794                       0.6874256
                  8.0893                      0.68776753
                  8.0992                      0.68811105
                  8.1091                      0.68845618
                   8.119                      0.68880291
                  8.1289                      0.68915126
                  8.1388                      0.68950123
                  8.1487                      0.68985281
                  8.1586                      0.69020603
                  8.1685                      0.69056088
                  8.1784                      0.69091737
                  8.1883                       0.6912755
                  8.1982                      0.69163528
                  8.2081                      0.69199672
                   8.218                      0.69235981
                  8.2279                      0.69272456
                  8.2378                      0.69309098
                  8.2477                      0.69345907
                  8.2576                      0.69382884
                  8.2675                      0.69420029
                  8.2774                      0.69457342
                  8.2873                      0.69494825
                  8.2972                      0.69532476
                  8.3071                      0.69570298
                   8.317                       0.6960829
                  8.3269                      0.69646452
                  8.3368                      0.69684786
                  8.3467                      0.69723292
                  8.3566                      0.69761969
                  8.3665                      0.69800819
                  8.3764                      0.69839841
                  8.3863                      0.69879037
                  8.3962                      0.69918407
                  8.4061                       0.6995795
                   8.416                      0.69997668
                  8.4259                      0.70037561
                  8.4358                      0.70077628
                  8.4457                      0.70117872
                  8.4556                      0.70158291
                  8.4655                      0.70198887
                  8.4754                      0.70239659
                  8.4853                      0.70280608
                  8.4952                      0.70321735
                  8.5051                      0.70363039
                   8.515                      0.70404522
                  8.5249                      0.70446183
                  8.5348                      0.70488022
                  8.5447                      0.70530041
                  8.5546                      0.70572239
                  8.5645                      0.70614617
                  8.5744                      0.70657174
                  8.5843                      0.70699913
                  8.5942                      0.70742832
                  8.6041                      0.70785931
                   8.614                      0.70829212
                  8.6239                      0.70872675
                  8.6338                      0.70916319
                  8.6437                      0.70960146
                  8.6536                      0.71004155
                  8.6635                      0.71048346
                  8.6734                      0.71092721
                  8.6833                      0.71137278
                  8.6932                       0.7118202
                  8.7031                      0.71226944
                   8.713                      0.71272053
                  8.7229                      0.71317346
                  8.7328                      0.71362823
                  8.7427                      0.71408485
                  8.7526                      0.71454331
                  8.7625                      0.71500363
                  8.7724                       0.7154658
                  8.7823                      0.71592983
                  8.7922                      0.71639571
                  8.8021                      0.71686345
                   8.812                      0.71733305
                  8.8219                      0.71780451
                  8.8318                      0.71827784
                  8.8417                      0.71875303
                  8.8516                      0.71923009
                  8.8615                      0.71970901
                  8.8714                      0.72018981
                  8.8813                      0.72067248
                  8.8912                      0.72115702
                  8.9011                      0.72164344
                   8.911                      0.72213173
                  8.9209                       0.7226219
                  8.9308                      0.72311395
                  8.9407                      0.72360787
                  8.9506                      0.72410368
                  8.9605                      0.72460137
                  8.9704                      0.72510093
                  8.9803                      0.72560238
                  8.9902                      0.72610572
                  9.0001                      0.72661093
                    9.01                      0.72711804
                  9.0199                      0.72762702
                  9.0298                      0.72813789
                  9.0397                      0.72865065
                  9.0496                      0.72916529
                  9.0595                      0.72968182
                  9.0694                      0.73020023
                  9.0793                      0.73072053
                  9.0892                      0.73124272
                  9.0991                      0.73176679
                   9.109                      0.73229275
                  9.1189                      0.73282059
                  9.1288                      0.73335032
                  9.1387                      0.73388193
                  9.1486                      0.73441543
                  9.1585                      0.73495081
                  9.1684                      0.73548807
                  9.1783                      0.73602721
                  9.1882                      0.73656824
                  9.1981                      0.73711115
                   9.208                      0.73765593
                  9.2179                       0.7382026
                  9.2278                      0.73875114
                  9.2377                      0.73930156
                  9.2476                      0.73985385
                  9.2575                      0.74040801
                  9.2674                      0.74096405
                  9.2773                      0.74152195
                  9.2872                      0.74208173
                  9.2971                      0.74264337
                   9.307                      0.74320687
                  9.3169                      0.74377224
                  9.3268                      0.74433946
                  9.3367                      0.74490855
                  9.3466                      0.74547949
                  9.3565                      0.74605228
                  9.3664                      0.74662692
                  9.3763                      0.74720341
                  9.3862                      0.74778175
                  9.3961                      0.74836193
                   9.406                      0.74894395
                  9.4159                      0.74952781
                  9.4258                      0.75011349
                  9.4357                      0.75070101
                  9.4456                      0.75129036
                  9.4555                      0.75188153
                  9.4654                      0.75247452
                  9.4753                      0.75306933
                  9.4852                      0.75366594
                  9.4951                      0.75426437
                   9.505                       0.7548646
                  9.5149                      0.75546663
                  9.5248                      0.75607046
                  9.5347                      0.75667608
                  9.5446                      0.75728349
                  9.5545                      0.75789267
                  9.5644                      0.75850364
                  9.5743                      0.75911638
                  9.5842                      0.75973089
                  9.5941                      0.76034716
                   9.604                      0.76096519
                  9.6139                      0.76158497
                  9.6238                      0.76220649
                  9.6337                      0.76282976
                  9.6436                      0.76345476
                  9.6535                      0.76408149
                  9.6634                      0.76470995
                  9.6733                      0.76534012
                  9.6832                        0.765972
                  9.6931                      0.76660559
                   9.703                      0.76724088
                  9.7129                      0.76787785
                  9.7228                      0.76851651
                  9.7327                      0.76915685
                  9.7426                      0.76979886
                  9.7525                      0.77044253
                  9.7624                      0.77108785
                  9.7723                      0.77173483
                  9.7822                      0.77238344
                  9.7921                      0.77303368
                   9.802                      0.77368555
                  9.8119                      0.77433904
                  9.8218                      0.77499413
                  9.8317                      0.77565082
                  9.8416                      0.77630909
                  9.8515                      0.77696895
                  9.8614                      0.77763039
                  9.8713                      0.77829338
                  9.8812                      0.77895793
                  9.8911                      0.77962402
                   9.901                      0.78029165
                  9.9109                       0.7809608
                  9.9208                      0.78163146
                  9.9307                      0.78230363
                  9.9406                      0.78297729
                  9.9505                      0.78365244
                  9.9604                      0.78432905
                  9.9703                      0.78500713
                  9.9802                      0.78568666
                  9.9901                      0.78636763
                      10                      0.78705002

