
                     0.1                      0.99895256
                  0.1099                      0.99872302
                  0.1198                      0.99847386
                  0.1297                       0.9982051
                  0.1396                       0.9979168
                  0.1495                        0.997609
                  0.1594                      0.99728175
                  0.1693                      0.99693509
                  0.1792                      0.99656909
                  0.1891                      0.99618382
                   0.199                      0.99577933
                  0.2089                      0.99535569
                  0.2188                      0.99491299
                  0.2287                       0.9944513
                  0.2386                      0.99397071
                  0.2485                       0.9934713
                  0.2584                      0.99295315
                  0.2683                      0.99241638
                  0.2782                      0.99186108
                  0.2881                      0.99128734
                   0.298                      0.99069528
                  0.3079                      0.99008501
                  0.3178                      0.98945664
                  0.3277                      0.98881029
                  0.3376                      0.98814608
                  0.3475                      0.98746413
                  0.3574                      0.98676458
                  0.3673                      0.98604756
                  0.3772                      0.98531319
                  0.3871                      0.98456163
                   0.397                        0.983793
                  0.4069                      0.98300747
                  0.4168                      0.98220516
                  0.4267                      0.98138623
                  0.4366                      0.98055085
                  0.4465                      0.97969915
                  0.4564                      0.97883131
                  0.4663                      0.97794747
                  0.4762                      0.97704782
                  0.4861                       0.9761325
                   0.496                       0.9752017
                  0.5059                      0.97425558
                  0.5158                      0.97329432
                  0.5257                      0.97231809
                  0.5356                      0.97132707
                  0.5455                      0.97032144
                  0.5554                      0.96930138
                  0.5653                      0.96826707
                  0.5752                       0.9672187
                  0.5851                      0.96615646
                   0.595                      0.96508052
                  0.6049                       0.9639911
                  0.6148                      0.96288836
                  0.6247                      0.96177252
                  0.6346                      0.96064375
                  0.6445                      0.95950226
                  0.6544                      0.95834824
                  0.6643                      0.95718188
                  0.6742                       0.9560034
                  0.6841                      0.95481298
                   0.694                      0.95361082
                  0.7039                      0.95239712
                  0.7138                      0.95117209
                  0.7237                      0.94993593
                  0.7336                      0.94868883
                  0.7435                        0.947431
                  0.7534                      0.94616265
                  0.7633                      0.94488397
                  0.7732                      0.94359517
                  0.7831                      0.94229645
                   0.793                      0.94098801
                  0.8029                      0.93967006
                  0.8128                       0.9383428
                  0.8227                      0.93700643
                  0.8326                      0.93566116
                  0.8425                      0.93430718
                  0.8524                       0.9329447
                  0.8623                      0.93157392
                  0.8722                      0.93019504
                  0.8821                      0.92880827
                   0.892                      0.92741379
                  0.9019                      0.92601182
                  0.9118                      0.92460255
                  0.9217                      0.92318617
                  0.9316                      0.92176289
                  0.9415                       0.9203329
                  0.9514                      0.91889639
                  0.9613                      0.91745356
                  0.9712                      0.91600461
                  0.9811                      0.91454972
                   0.991                      0.91308909
                  1.0009                       0.9116229
                  1.0108                      0.91015136
                  1.0207                      0.90867463
                  1.0306                      0.90719292
                  1.0405                       0.9057064
                  1.0504                      0.90421527
                  1.0603                       0.9027197
                  1.0702                      0.90121987
                  1.0801                      0.89971596
                    1.09                      0.89820816
                  1.0999                      0.89669664
                  1.1098                      0.89518158
                  1.1197                      0.89366314
                  1.1296                      0.89214151
                  1.1395                      0.89061686
                  1.1494                      0.88908934
                  1.1593                      0.88755914
                  1.1692                      0.88602642
                  1.1791                      0.88449134
                   1.189                      0.88295407
                  1.1989                      0.88141477
                  1.2088                      0.87987359
                  1.2187                      0.87833071
                  1.2286                      0.87678626
                  1.2385                      0.87524041
                  1.2484                      0.87369332
                  1.2583                      0.87214512
                  1.2682                      0.87059598
                  1.2781                      0.86904604
                   1.288                      0.86749544
                  1.2979                      0.86594434
                  1.3078                      0.86439287
                  1.3177                      0.86284117
                  1.3276                      0.86128939
                  1.3375                      0.85973766
                  1.3474                      0.85818612
                  1.3573                       0.8566349
                  1.3672                      0.85508413
                  1.3771                      0.85353394
                   1.387                      0.85198447
                  1.3969                      0.85043584
                  1.4068                      0.84888817
                  1.4167                      0.84734159
                  1.4266                      0.84579622
                  1.4365                      0.84425218
                  1.4464                      0.84270959
                  1.4563                      0.84116857
                  1.4662                      0.83962922
                  1.4761                      0.83809167
                   1.486                      0.83655601
                  1.4959                      0.83502238
                  1.5058                      0.83349086
                  1.5157                      0.83196158
                  1.5256                      0.83043462
                  1.5355                       0.8289101
                  1.5454                      0.82738812
                  1.5553                      0.82586878
                  1.5652                      0.82435217
                  1.5751                      0.82283839
                   1.585                      0.82132754
                  1.5949                      0.81981971
                  1.6048                      0.81831499
                  1.6147                      0.81681347
                  1.6246                      0.81531524
                  1.6345                      0.81382038
                  1.6444                      0.81232899
                  1.6543                      0.81084115
                  1.6642                      0.80935693
                  1.6741                      0.80787643
                   1.684                      0.80639971
                  1.6939                      0.80492687
                  1.7038                      0.80345796
                  1.7137                      0.80199308
                  1.7236                      0.80053229
                  1.7335                      0.79907566
                  1.7434                      0.79762327
                  1.7533                      0.79617519
                  1.7632                      0.79473148
                  1.7731                      0.79329221
                   1.783                      0.79185745
                  1.7929                      0.79042727
                  1.8028                      0.78900171
                  1.8127                      0.78758085
                  1.8226                      0.78616475
                  1.8325                      0.78475346
                  1.8424                      0.78334705
                  1.8523                      0.78194557
                  1.8622                      0.78054907
                  1.8721                      0.77915762
                   1.882                      0.77777125
                  1.8919                      0.77639003
                  1.9018                      0.77501401
                  1.9117                      0.77364323
                  1.9216                      0.77227775
                  1.9315                      0.77091761
                  1.9414                      0.76956286
                  1.9513                      0.76821354
                  1.9612                       0.7668697
                  1.9711                      0.76553138
                   1.981                      0.76419863
                  1.9909                      0.76287148
                  2.0008                      0.76154997
                  2.0107                      0.76023415
                  2.0206                      0.75892405
                  2.0305                      0.75761971
                  2.0404                      0.75632116
                  2.0503                      0.75502845
                  2.0602                       0.7537416
                  2.0701                      0.75246065
                    2.08                      0.75118564
                  2.0899                      0.74991658
                  2.0998                      0.74865352
                  2.1097                      0.74739649
                  2.1196                      0.74614551
                  2.1295                      0.74490061
                  2.1394                      0.74366183
                  2.1493                      0.74242918
                  2.1592                      0.74120269
                  2.1691                      0.73998239
                   2.179                       0.7387683
                  2.1889                      0.73756045
                  2.1988                      0.73635886
                  2.2087                      0.73516354
                  2.2186                      0.73397454
                  2.2285                      0.73279185
                  2.2384                      0.73161551
                  2.2483                      0.73044553
                  2.2582                      0.72928194
                  2.2681                      0.72812474
                   2.278                      0.72697396
                  2.2879                      0.72582962
                  2.2978                      0.72469172
                  2.3077                      0.72356029
                  2.3176                      0.72243534
                  2.3275                      0.72131689
                  2.3374                      0.72020494
                  2.3473                      0.71909952
                  2.3572                      0.71800062
                  2.3671                      0.71690828
                   2.377                      0.71582249
                  2.3869                      0.71474327
                  2.3968                      0.71367063
                  2.4067                      0.71260457
                  2.4166                      0.71154512
                  2.4265                      0.71049227
                  2.4364                      0.70944603
                  2.4463                      0.70840641
                  2.4562                      0.70737342
                  2.4661                      0.70634707
                   2.476                      0.70532736
                  2.4859                      0.70431429
                  2.4958                      0.70330788
                  2.5057                      0.70230813
                  2.5156                      0.70131503
                  2.5255                       0.7003286
                  2.5354                      0.69934884
                  2.5453                      0.69837575
                  2.5552                      0.69740934
                  2.5651                       0.6964496
                   2.575                      0.69549653
                  2.5849                      0.69455015
                  2.5948                      0.69361045
                  2.6047                      0.69267743
                  2.6146                      0.69175108
                  2.6245                      0.69083142
                  2.6344                      0.68991843
                  2.6443                      0.68901213
                  2.6542                       0.6881125
                  2.6641                      0.68721954
                   2.674                      0.68633326
                  2.6839                      0.68545365
                  2.6938                       0.6845807
                  2.7037                      0.68371442
                  2.7136                       0.6828548
                  2.7235                      0.68200183
                  2.7334                      0.68115552
                  2.7433                      0.68031585
                  2.7532                      0.67948282
                  2.7631                      0.67865643
                   2.773                      0.67783667
                  2.7829                      0.67702354
                  2.7928                      0.67621702
                  2.8027                      0.67541712
                  2.8126                      0.67462382
                  2.8225                      0.67383712
                  2.8324                      0.67305701
                  2.8423                      0.67228348
                  2.8522                      0.67151652
                  2.8621                      0.67075613
                   2.872                      0.67000229
                  2.8819                      0.66925501
                  2.8918                      0.66851426
                  2.9017                      0.66778004
                  2.9116                      0.66705234
                  2.9215                      0.66633115
                  2.9314                      0.66561645
                  2.9413                      0.66490824
                  2.9512                      0.66420651
                  2.9611                      0.66351124
                   2.971                      0.66282243
                  2.9809                      0.66214006
                  2.9908                      0.66146411
                  3.0007                      0.66079459
                  3.0106                      0.66013146
                  3.0205                      0.65947473
                  3.0304                      0.65882438
                  3.0403                      0.65818039
                  3.0502                      0.65754275
                  3.0601                      0.65691145
                    3.07                      0.65628647
                  3.0799                       0.6556678
                  3.0898                      0.65505542
                  3.0997                      0.65444932
                  3.1096                      0.65384948
                  3.1195                      0.65325589
                  3.1294                      0.65266853
                  3.1393                      0.65208739
                  3.1492                      0.65151245
                  3.1591                      0.65094369
                   3.169                       0.6503811
                  3.1789                      0.64982466
                  3.1888                      0.64927435
                  3.1987                      0.64873016
                  3.2086                      0.64819206
                  3.2185                      0.64766004
                  3.2284                      0.64713409
                  3.2383                      0.64661417
                  3.2482                      0.64610029
                  3.2581                       0.6455924
                   3.268                      0.64509051
                  3.2779                      0.64459458
                  3.2878                       0.6441046
                  3.2977                      0.64362055
                  3.3076                      0.64314241
                  3.3175                      0.64267015
                  3.3274                      0.64220376
                  3.3373                      0.64174323
                  3.3472                      0.64128851
                  3.3571                       0.6408396
                   3.367                      0.64039648
                  3.3769                      0.63995912
                  3.3868                       0.6395275
                  3.3967                       0.6391016
                  3.4066                       0.6386814
                  3.4165                      0.63826687
                  3.4264                      0.63785799
                  3.4363                      0.63745475
                  3.4462                      0.63705711
                  3.4561                      0.63666505
                   3.466                      0.63627855
                  3.4759                      0.63589759
                  3.4858                      0.63552215
                  3.4957                      0.63515219
                  3.5056                      0.63478769
                  3.5155                      0.63442864
                  3.5254                        0.634075
                  3.5353                      0.63372676
                  3.5452                      0.63338387
                  3.5551                      0.63304633
                   3.565                      0.63271411
                  3.5749                      0.63238717
                  3.5848                       0.6320655
                  3.5947                      0.63174907
                  3.6046                      0.63143785
                  3.6145                      0.63113182
                  3.6244                      0.63083094
                  3.6343                       0.6305352
                  3.6442                      0.63024457
                  3.6541                      0.62995901
                   3.664                      0.62967851
                  3.6739                      0.62940303
                  3.6838                      0.62913255
                  3.6937                      0.62886704
                  3.7036                      0.62860647
                  3.7135                      0.62835081
                  3.7234                      0.62810004
                  3.7333                      0.62785413
                  3.7432                      0.62761304
                  3.7531                      0.62737676
                   3.763                      0.62714524
                  3.7729                      0.62691847
                  3.7828                      0.62669642
                  3.7927                      0.62647904
                  3.8026                      0.62626632
                  3.8125                      0.62605823
                  3.8224                      0.62585473
                  3.8323                       0.6256558
                  3.8422                      0.62546141
                  3.8521                      0.62527152
                   3.862                      0.62508611
                  3.8719                      0.62490514
                  3.8818                      0.62472859
                  3.8917                      0.62455642
                  3.9016                       0.6243886
                  3.9115                      0.62422511
                  3.9214                      0.62406591
                  3.9313                      0.62391098
                  3.9412                      0.62376027
                  3.9511                      0.62361376
                   3.961                      0.62347142
                  3.9709                      0.62333322
                  3.9808                      0.62319912
                  3.9907                      0.62306909
                  4.0006                      0.62294311
                  4.0105                      0.62282113
                  4.0204                      0.62270313
                  4.0303                      0.62258908
                  4.0402                      0.62247895
                  4.0501                      0.62237269
                    4.06                      0.62227029
                  4.0699                       0.6221717
                  4.0798                       0.6220769
                  4.0897                      0.62198585
                  4.0996                      0.62189853
                  4.1095                      0.62181489
                  4.1194                      0.62173491
                  4.1293                      0.62165855
                  4.1392                      0.62158579
                  4.1491                      0.62151658
                   4.159                       0.6214509
                  4.1689                      0.62138871
                  4.1788                      0.62132999
                  4.1887                      0.62127469
                  4.1986                      0.62122279
                  4.2085                      0.62117425
                  4.2184                      0.62112904
                  4.2283                      0.62108713
                  4.2382                      0.62104848
                  4.2481                      0.62101307
                   4.258                      0.62098086
                  4.2679                      0.62095181
                  4.2778                       0.6209259
                  4.2877                      0.62090309
                  4.2976                      0.62088335
                  4.3075                      0.62086665
                  4.3174                      0.62085295
                  4.3273                      0.62084222
                  4.3372                      0.62083444
                  4.3471                      0.62082956
                   4.357                      0.62082755
                  4.3669                      0.62082839
                  4.3768                      0.62083204
                  4.3867                      0.62083846
                  4.3966                      0.62084763
                  4.4065                      0.62085952
                  4.4164                      0.62087409
                  4.4263                       0.6208913
                  4.4362                      0.62091114
                  4.4461                      0.62093356
                   4.456                      0.62095854
                  4.4659                      0.62098604
                  4.4758                      0.62101603
                  4.4857                      0.62104848
                  4.4956                      0.62108337
                  4.5055                      0.62112065
                  4.5154                      0.62116029
                  4.5253                      0.62120228
                  4.5352                      0.62124657
                  4.5451                      0.62129313
                   4.555                      0.62134194
                  4.5649                      0.62139296
                  4.5748                      0.62144616
                  4.5847                      0.62150152
                  4.5946                        0.621559
                  4.6045                      0.62161858
                  4.6144                      0.62168022
                  4.6243                      0.62174389
                  4.6342                      0.62180957
                  4.6441                      0.62187722
                   4.654                      0.62194682
                  4.6639                      0.62201834
                  4.6738                      0.62209174
                  4.6837                      0.62216701
                  4.6936                      0.62224411
                  4.7035                      0.62232301
                  4.7134                      0.62240368
                  4.7233                      0.62248611
                  4.7332                      0.62257025
                  4.7431                      0.62265609
                   4.753                      0.62274359
                  4.7629                      0.62283273
                  4.7728                      0.62292348
                  4.7827                      0.62301581
                  4.7926                      0.62310971
                  4.8025                      0.62320513
                  4.8124                      0.62330206
                  4.8223                      0.62340047
                  4.8322                      0.62350033
                  4.8421                      0.62360162
                   4.852                      0.62370432
                  4.8619                      0.62380839
                  4.8718                      0.62391382
                  4.8817                      0.62402057
                  4.8916                      0.62412863
                  4.9015                      0.62423798
                  4.9114                      0.62434857
                  4.9213                       0.6244604
                  4.9312                      0.62457344
                  4.9411                      0.62468767
                   4.951                      0.62480306
                  4.9609                      0.62491959
                  4.9708                      0.62503724
                  4.9807                      0.62515599
                  4.9906                      0.62527581
                  5.0005                      0.62539668
                  5.0104                      0.62551859
                  5.0203                      0.62564151
                  5.0302                      0.62576541
                  5.0401                      0.62589028
                    5.05                      0.62601611
                  5.0599                      0.62614286
                  5.0698                      0.62627051
                  5.0797                      0.62639906
                  5.0896                      0.62652848
                  5.0995                      0.62665874
                  5.1094                      0.62678984
                  5.1193                      0.62692175
                  5.1292                      0.62705445
                  5.1391                      0.62718793
                   5.149                      0.62732217
                  5.1589                      0.62745715
                  5.1688                      0.62759285
                  5.1787                      0.62772927
                  5.1886                      0.62786637
                  5.1985                      0.62800414
                  5.2084                      0.62814257
                  5.2183                      0.62828164
                  5.2282                      0.62842134
                  5.2381                      0.62856165
                   5.248                      0.62870255
                  5.2579                      0.62884404
                  5.2678                      0.62898609
                  5.2777                      0.62912869
                  5.2876                      0.62927183
                  5.2975                       0.6294155
                  5.3074                      0.62955967
                  5.3173                      0.62970434
                  5.3272                      0.62984949
                  5.3371                      0.62999512
                   5.347                       0.6301412
                  5.3569                      0.63028774
                  5.3668                       0.6304347
                  5.3767                      0.63058209
                  5.3866                      0.63072989
                  5.3965                      0.63087809
                  5.4064                      0.63102668
                  5.4163                      0.63117566
                  5.4262                      0.63132499
                  5.4361                      0.63147469
                   5.446                      0.63162474
                  5.4559                      0.63177512
                  5.4658                      0.63192584
                  5.4757                      0.63207688
                  5.4856                      0.63222823
                  5.4955                      0.63237988
                  5.5054                      0.63253183
                  5.5153                      0.63268406
                  5.5252                      0.63283657
                  5.5351                      0.63298936
                   5.545                      0.63314241
                  5.5549                      0.63329572
                  5.5648                      0.63344928
                  5.5747                      0.63360308
                  5.5846                      0.63375712
                  5.5945                      0.63391139
                  5.6044                      0.63406589
                  5.6143                       0.6342206
                  5.6242                      0.63437553
                  5.6341                      0.63453067
                   5.644                      0.63468602
                  5.6539                      0.63484156
                  5.6638                       0.6349973
                  5.6737                      0.63515323
                  5.6836                      0.63530935
                  5.6935                      0.63546565
                  5.7034                      0.63562213
                  5.7133                      0.63577879
                  5.7232                      0.63593562
                  5.7331                      0.63609262
                   5.743                      0.63624978
                  5.7529                      0.63640711
                  5.7628                      0.63656461
                  5.7727                      0.63672226
                  5.7826                      0.63688007
                  5.7925                      0.63703804
                  5.8024                      0.63719616
                  5.8123                      0.63735444
                  5.8222                      0.63751286
                  5.8321                      0.63767144
                   5.842                      0.63783017
                  5.8519                      0.63798905
                  5.8618                      0.63814808
                  5.8717                      0.63830726
                  5.8816                      0.63846659
                  5.8915                      0.63862607
                  5.9014                       0.6387857
                  5.9113                      0.63894548
                  5.9212                      0.63910541
                  5.9311                      0.63926549
                   5.941                      0.63942573
                  5.9509                      0.63958612
                  5.9608                      0.63974666
                  5.9707                      0.63990736
                  5.9806                      0.64006822
                  5.9905                      0.64022925
                  6.0004                      0.64039043
                  6.0103                      0.64055178
                  6.0202                      0.64071329
                  6.0301                      0.64087498
                    6.04                      0.64103684
                  6.0499                      0.64119887
                  6.0598                      0.64136108
                  6.0697                      0.64152347
                  6.0796                      0.64168604
                  6.0895                       0.6418488
                  6.0994                      0.64201175
                  6.1093                       0.6421749
                  6.1192                      0.64233824
                  6.1291                      0.64250179
                   6.139                      0.64266554
                  6.1489                       0.6428295
                  6.1588                      0.64299367
                  6.1687                      0.64315806
                  6.1786                      0.64332268
                  6.1885                      0.64348752
                  6.1984                      0.64365259
                  6.2083                       0.6438179
                  6.2182                      0.64398345
                  6.2281                      0.64414925
                   6.238                      0.64431529
                  6.2479                       0.6444816
                  6.2578                      0.64464816
                  6.2677                      0.64481499
                  6.2776                       0.6449821
                  6.2875                      0.64514948
                  6.2974                      0.64531715
                  6.3073                      0.64548511
                  6.3172                      0.64565336
                  6.3271                      0.64582191
                   6.337                      0.64599077
                  6.3469                      0.64615994
                  6.3568                      0.64632944
                  6.3667                      0.64649926
                  6.3766                      0.64666941
                  6.3865                      0.64683989
                  6.3964                      0.64701073
                  6.4063                      0.64718191
                  6.4162                      0.64735346
                  6.4261                      0.64752537
                   6.436                      0.64769765
                  6.4459                       0.6478703
                  6.4558                      0.64804335
                  6.4657                      0.64821678
                  6.4756                      0.64839062
                  6.4855                      0.64856486
                  6.4954                      0.64873951
                  6.5053                      0.64891458
                  6.5152                      0.64909009
                  6.5251                      0.64926602
                   6.535                       0.6494424
                  6.5449                      0.64961923
                  6.5548                      0.64979652
                  6.5647                      0.64997427
                  6.5746                      0.65015249
                  6.5845                      0.65033119
                  6.5944                      0.65051038
                  6.6043                      0.65069006
                  6.6142                      0.65087025
                  6.6241                      0.65105095
                   6.634                      0.65123216
                  6.6439                       0.6514139
                  6.6538                      0.65159617
                  6.6637                      0.65177899
                  6.6736                      0.65196235
                  6.6835                      0.65214627
                  6.6934                      0.65233076
                  6.7033                      0.65251582
                  6.7132                      0.65270146
                  6.7231                      0.65288769
                   6.733                      0.65307451
                  6.7429                      0.65326194
                  6.7528                      0.65344999
                  6.7627                      0.65363865
                  6.7726                      0.65382795
                  6.7825                      0.65401788
                  6.7924                      0.65420845
                  6.8023                      0.65439969
                  6.8122                      0.65459158
                  6.8221                      0.65478414
                   6.832                      0.65497738
                  6.8419                      0.65517131
                  6.8518                      0.65536593
                  6.8617                      0.65556125
                  6.8716                      0.65575729
                  6.8815                      0.65595404
                  6.8914                      0.65615152
                  6.9013                      0.65634974
                  6.9112                       0.6565487
                  6.9211                      0.65674841
                   6.931                      0.65694889
                  6.9409                      0.65715013
                  6.9508                      0.65735215
                  6.9607                      0.65755495
                  6.9706                      0.65775855
                  6.9805                      0.65796295
                  6.9904                      0.65816816
                  7.0003                      0.65837418
                  7.0102                      0.65858104
                  7.0201                      0.65878872
                    7.03                      0.65899725
                  7.0399                      0.65920663
                  7.0498                      0.65941687
                  7.0597                      0.65962798
                  7.0696                      0.65983996
                  7.0795                      0.66005283
                  7.0894                      0.66026659
                  7.0993                      0.66048125
                  7.1092                      0.66069681
                  7.1191                       0.6609133
                   7.129                       0.6611307
                  7.1389                      0.66134904
                  7.1488                      0.66156832
                  7.1587                      0.66178855
                  7.1686                      0.66200974
                  7.1785                      0.66223189
                  7.1884                      0.66245501
                  7.1983                      0.66267911
                  7.2082                      0.66290421
                  7.2181                       0.6631303
                   7.228                      0.66335739
                  7.2379                       0.6635855
                  7.2478                      0.66381462
                  7.2577                      0.66404478
                  7.2676                      0.66427597
                  7.2775                      0.66450821
                  7.2874                      0.66474149
                  7.2973                      0.66497584
                  7.3072                      0.66521126
                  7.3171                      0.66544775
                   7.327                      0.66568532
                  7.3369                      0.66592399
                  7.3468                      0.66616375
                  7.3567                      0.66640462
                  7.3666                       0.6666466
                  7.3765                      0.66688971
                  7.3864                      0.66713394
                  7.3963                      0.66737931
                  7.4062                      0.66762583
                  7.4161                       0.6678735
                   7.426                      0.66812232
                  7.4359                      0.66837232
                  7.4458                      0.66862348
                  7.4557                      0.66887583
                  7.4656                      0.66912937
                  7.4755                      0.66938411
                  7.4854                      0.66964005
                  7.4953                       0.6698972
                  7.5052                      0.67015556
                  7.5151                      0.67041516
                   7.525                      0.67067598
                  7.5349                      0.67093805
                  7.5448                      0.67120136
                  7.5547                      0.67146593
                  7.5646                      0.67173176
                  7.5745                      0.67199886
                  7.5844                      0.67226724
                  7.5943                      0.67253689
                  7.6042                      0.67280784
                  7.6141                      0.67308008
                   7.624                      0.67335363
                  7.6339                      0.67362848
                  7.6438                      0.67390466
                  7.6537                      0.67418216
                  7.6636                      0.67446098
                  7.6735                      0.67474115
                  7.6834                      0.67502266
                  7.6933                      0.67530552
                  7.7032                      0.67558974
                  7.7131                      0.67587533
                   7.723                      0.67616228
                  7.7329                      0.67645061
                  7.7428                      0.67674033
                  7.7527                      0.67703144
                  7.7626                      0.67732394
                  7.7725                      0.67761785
                  7.7824                      0.67791317
                  7.7923                       0.6782099
                  7.8022                      0.67850806
                  7.8121                      0.67880764
                   7.822                      0.67910866
                  7.8319                      0.67941112
                  7.8418                      0.67971503
                  7.8517                      0.68002039
                  7.8616                      0.68032722
                  7.8715                      0.68063551
                  7.8814                      0.68094527
                  7.8913                       0.6812565
                  7.9012                      0.68156923
                  7.9111                      0.68188344
                   7.921                      0.68219914
                  7.9309                      0.68251635
                  7.9408                      0.68283507
                  7.9507                       0.6831553
                  7.9606                      0.68347705
                  7.9705                      0.68380032
                  7.9804                      0.68412513
                  7.9903                      0.68445147
                  8.0002                      0.68477935
                  8.0101                      0.68510878
                    8.02                      0.68543976
                  8.0299                       0.6857723
                  8.0398                       0.6861064
                  8.0497                      0.68644208
                  8.0596                      0.68677932
                  8.0695                      0.68711815
                  8.0794                      0.68745856
                  8.0893                      0.68780056
                  8.0992                      0.68814416
                  8.1091                      0.68848936
                   8.119                      0.68883617
                  8.1289                      0.68918458
                  8.1388                      0.68953462
                  8.1487                      0.68988627
                  8.1586                      0.69023955
                  8.1685                      0.69059446
                  8.1784                        0.690951
                  8.1883                      0.69130919
                  8.1982                      0.69166902
                  8.2081                      0.69203051
                   8.218                      0.69239365
                  8.2279                      0.69275844
                  8.2378                      0.69312491
                  8.2477                      0.69349304
                  8.2576                      0.69386285
                  8.2675                      0.69423433
                  8.2774                       0.6946075
                  8.2873                      0.69498235
                  8.2972                       0.6953589
                  8.3071                      0.69573714
                   8.317                      0.69611708
                  8.3269                      0.69649872
                  8.3368                      0.69688208
                  8.3467                      0.69726715
                  8.3566                      0.69765393
                  8.3665                      0.69804244
                  8.3764                      0.69843267
                  8.3863                      0.69882463
                  8.3962                      0.69921832
                  8.4061                      0.69961376
                   8.416                      0.70001093
                  8.4259                      0.70040984
                  8.4358                      0.70081051
                  8.4457                      0.70121293
                  8.4556                       0.7016171
                  8.4655                      0.70202303
                  8.4754                      0.70243073
                  8.4853                      0.70284019
                  8.4952                      0.70325142
                  8.5051                      0.70366443
                   8.515                      0.70407921
                  8.5249                      0.70449578
                  8.5348                      0.70491413
                  8.5447                      0.70533426
                  8.5546                      0.70575619
                  8.5645                       0.7061799
                  8.5744                      0.70660542
                  8.5843                      0.70703273
                  8.5942                      0.70746185
                  8.6041                      0.70789277
                   8.614                       0.7083255
                  8.6239                      0.70876004
                  8.6338                      0.70919639
                  8.6437                      0.70963457
                  8.6536                      0.71007456
                  8.6635                      0.71051637
                  8.6734                         0.71096
                  8.6833                      0.71140547
                  8.6932                      0.71185276
                  8.7031                      0.71230188
                   8.713                      0.71275284
                  8.7229                      0.71320564
                  8.7328                      0.71366027
                  8.7427                      0.71411674
                  8.7526                      0.71457506
                  8.7625                      0.71503522
                  8.7724                      0.71549723
                  8.7823                      0.71596109
                  8.7922                      0.71642679
                  8.8021                      0.71689436
                   8.812                      0.71736377
                  8.8219                      0.71783504
                  8.8318                      0.71830817
                  8.8417                      0.71878315
                  8.8516                         0.71926
                  8.8615                      0.71973871
                  8.8714                      0.72021928
                  8.8813                      0.72070172
                  8.8912                      0.72118602
                  8.9011                      0.72167219
                   8.911                      0.72216023
                  8.9209                      0.72265014
                  8.9308                      0.72314191
                  8.9407                      0.72363556
                  8.9506                      0.72413108
                  8.9605                      0.72462847
                  8.9704                      0.72512774
                  8.9803                      0.72562888
                  8.9902                      0.72613189
                  9.0001                      0.72663678
                    9.01                      0.72714354
                  9.0199                      0.72765218
                  9.0298                       0.7281627
                  9.0397                      0.72867509
                  9.0496                      0.72918936
                  9.0595                       0.7297055
                  9.0694                      0.73022352
                  9.0793                      0.73074341
                  9.0892                      0.73126518
                  9.0991                      0.73178883
                   9.109                      0.73231435
                  9.1189                      0.73284175
                  9.1288                      0.73337101
                  9.1387                      0.73390216
                  9.1486                      0.73443517
                  9.1585                      0.73497006
                  9.1684                      0.73550681
                  9.1783                      0.73604544
                  9.1882                      0.73658594
                  9.1981                       0.7371283
                   9.208                      0.73767253
                  9.2179                      0.73821862
                  9.2278                      0.73876658
                  9.2377                       0.7393164
                  9.2476                      0.73986808
                  9.2575                      0.74042162
                  9.2674                      0.74097702
                  9.2773                      0.74153427
                  9.2872                      0.74209337
                  9.2971                      0.74265433
                   9.307                      0.74321713
                  9.3169                      0.74378178
                  9.3268                      0.74434828
                  9.3367                      0.74491662
                  9.3466                      0.74548679
                  9.3565                       0.7460588
                  9.3664                      0.74663265
                  9.3763                      0.74720832
                  9.3862                      0.74778583
                  9.3961                      0.74836516
                   9.406                       0.7489463
                  9.4159                      0.74952927
                  9.4258                      0.75011405
                  9.4357                      0.75070064
                  9.4456                      0.75128904
                  9.4555                      0.75187925
                  9.4654                      0.75247125
                  9.4753                      0.75306504
                  9.4852                      0.75366063
                  9.4951                      0.75425801
                   9.505                      0.75485717
                  9.5149                       0.7554581
                  9.5248                      0.75606081
                  9.5347                      0.75666529
                  9.5446                      0.75727153
                  9.5545                      0.75787953
                  9.5644                      0.75848929
                  9.5743                      0.75910079
                  9.5842                      0.75971403
                  9.5941                      0.76032902
                   9.604                      0.76094573
                  9.6139                      0.76156417
                  9.6238                      0.76218433
                  9.6337                      0.76280621
                  9.6436                      0.76342979
                  9.6535                      0.76405507
                  9.6634                      0.76468205
                  9.6733                      0.76531071
                  9.6832                      0.76594106
                  9.6931                      0.76657308
                   9.703                      0.76720677
                  9.7129                      0.76784212
                  9.7228                      0.76847912
                  9.7327                      0.76911777
                  9.7426                      0.76975806
                  9.7525                      0.77039997
                  9.7624                      0.77104351
                  9.7723                      0.77168866
                  9.7822                      0.77233541
                  9.7921                      0.77298376
                   9.802                       0.7736337
                  9.8119                      0.77428522
                  9.8218                      0.77493831
                  9.8317                      0.77559297
                  9.8416                      0.77624917
                  9.8515                      0.77690691
                  9.8614                      0.77756619
                  9.8713                        0.778227
                  9.8812                      0.77888931
                  9.8911                      0.77955313
                   9.901                      0.78021844
                  9.9109                      0.78088523
                  9.9208                       0.7815535
                  9.9307                      0.78222322
                  9.9406                      0.78289439
                  9.9505                      0.78356701
                  9.9604                      0.78424105
                  9.9703                       0.7849165
                  9.9802                      0.78559336
                  9.9901                      0.78627161
                      10                      0.78695124

