
                     0.1                      -3.0156873
                  0.1099                      -3.3134935
                  0.1198                      -3.6111549
                  0.1297                      -3.9086588
                  0.1396                      -4.2059929
                  0.1495                      -4.5031446
                  0.1594                      -4.8001016
                  0.1693                      -5.0968515
                  0.1792                      -5.3933819
                  0.1891                      -5.6896807
                   0.199                      -5.9857354
                  0.2089                       -6.281534
                  0.2188                      -6.5770643
                  0.2287                      -6.8723143
                  0.2386                      -7.1672718
                  0.2485                       -7.461925
                  0.2584                       -7.756262
                  0.2683                      -8.0502709
                  0.2782                        -8.34394
                  0.2881                      -8.6372576
                   0.298                      -8.9302122
                  0.3079                      -9.2227922
                  0.3178                      -9.5149862
                  0.3277                      -9.8067828
                  0.3376                      -10.098171
                  0.3475                      -10.389139
                  0.3574                      -10.679677
                  0.3673                      -10.969772
                  0.3772                      -11.259416
                  0.3871                      -11.548595
                   0.397                      -11.837301
                  0.4069                      -12.125522
                  0.4168                      -12.413248
                  0.4267                      -12.700469
                  0.4366                      -12.987174
                  0.4465                      -13.273353
                  0.4564                      -13.558997
                  0.4663                      -13.844095
                  0.4762                      -14.128638
                  0.4861                      -14.412616
                   0.496                       -14.69602
                  0.5059                       -14.97884
                  0.5158                      -15.261067
                  0.5257                      -15.542692
                  0.5356                      -15.823706
                  0.5455                        -16.1041
                  0.5554                      -16.383866
                  0.5653                      -16.662994
                  0.5752                      -16.941477
                  0.5851                      -17.219306
                   0.595                      -17.496473
                  0.6049                       -17.77297
                  0.6148                      -18.048789
                  0.6247                      -18.323922
                  0.6346                      -18.598361
                  0.6445                      -18.872101
                  0.6544                      -19.145131
                  0.6643                      -19.417447
                  0.6742                       -19.68904
                  0.6841                      -19.959905
                   0.694                      -20.230033
                  0.7039                      -20.499418
                  0.7138                      -20.768055
                  0.7237                      -21.035936
                  0.7336                      -21.303056
                  0.7435                      -21.569409
                  0.7534                      -21.834987
                  0.7633                      -22.099787
                  0.7732                      -22.363802
                  0.7831                      -22.627027
                   0.793                      -22.889456
                  0.8029                      -23.151085
                  0.8128                      -23.411908
                  0.8227                      -23.671921
                  0.8326                      -23.931118
                  0.8425                      -24.189495
                  0.8524                      -24.447048
                  0.8623                      -24.703772
                  0.8722                      -24.959664
                  0.8821                      -25.214718
                   0.892                      -25.468932
                  0.9019                      -25.722301
                  0.9118                      -25.974822
                  0.9217                      -26.226491
                  0.9316                      -26.477305
                  0.9415                      -26.727261
                  0.9514                      -26.976356
                  0.9613                      -27.224586
                  0.9712                      -27.471949
                  0.9811                      -27.718443
                   0.991                      -27.964064
                  1.0009                       -28.20881
                  1.0108                      -28.452678
                  1.0207                      -28.695668
                  1.0306                      -28.937776
                  1.0405                         -29.179
                  1.0504                      -29.419339
                  1.0603                      -29.658791
                  1.0702                      -29.897355
                  1.0801                      -30.135029
                    1.09                      -30.371811
                  1.0999                      -30.607701
                  1.1098                      -30.842696
                  1.1197                      -31.076797
                  1.1296                      -31.310003
                  1.1395                      -31.542311
                  1.1494                      -31.773723
                  1.1593                      -32.004237
                  1.1692                      -32.233852
                  1.1791                      -32.462569
                   1.189                      -32.690387
                  1.1989                      -32.917306
                  1.2088                      -33.143325
                  1.2187                      -33.368446
                  1.2286                      -33.592667
                  1.2385                      -33.815989
                  1.2484                      -34.038413
                  1.2583                      -34.259939
                  1.2682                      -34.480568
                  1.2781                      -34.700299
                   1.288                      -34.919133
                  1.2979                      -35.137073
                  1.3078                      -35.354117
                  1.3177                      -35.570267
                  1.3276                      -35.785525
                  1.3375                      -35.999891
                  1.3474                      -36.213366
                  1.3573                      -36.425952
                  1.3672                      -36.637649
                  1.3771                       -36.84846
                   1.387                      -37.058386
                  1.3969                      -37.267428
                  1.4068                      -37.475589
                  1.4167                      -37.682869
                  1.4266                       -37.88927
                  1.4365                      -38.094794
                  1.4464                      -38.299444
                  1.4563                       -38.50322
                  1.4662                      -38.706126
                  1.4761                      -38.908163
                   1.486                      -39.109333
                  1.4959                      -39.309639
                  1.5058                      -39.509083
                  1.5157                      -39.707666
                  1.5256                      -39.905392
                  1.5355                      -40.102263
                  1.5454                      -40.298282
                  1.5553                       -40.49345
                  1.5652                      -40.687771
                  1.5751                      -40.881247
                   1.585                      -41.073881
                  1.5949                      -41.265675
                  1.6048                      -41.456633
                  1.6147                      -41.646757
                  1.6246                       -41.83605
                  1.6345                      -42.024515
                  1.6444                      -42.212156
                  1.6543                      -42.398974
                  1.6642                      -42.584973
                  1.6741                      -42.770156
                   1.684                      -42.954527
                  1.6939                      -43.138088
                  1.7038                      -43.320843
                  1.7137                      -43.502795
                  1.7236                      -43.683947
                  1.7335                      -43.864302
                  1.7434                      -44.043865
                  1.7533                      -44.222637
                  1.7632                      -44.400624
                  1.7731                      -44.577827
                   1.783                      -44.754252
                  1.7929                        -44.9299
                  1.8028                      -45.104776
                  1.8127                      -45.278884
                  1.8226                      -45.452226
                  1.8325                      -45.624807
                  1.8424                       -45.79663
                  1.8523                      -45.967699
                  1.8622                      -46.138017
                  1.8721                      -46.307589
                   1.882                      -46.476418
                  1.8919                      -46.644508
                  1.9018                      -46.811862
                  1.9117                      -46.978485
                  1.9216                      -47.144381
                  1.9315                      -47.309552
                  1.9414                      -47.474004
                  1.9513                       -47.63774
                  1.9612                      -47.800764
                  1.9711                       -47.96308
                   1.981                      -48.124692
                  1.9909                      -48.285603
                  2.0008                      -48.445819
                  2.0107                      -48.605343
                  2.0206                      -48.764178
                  2.0305                       -48.92233
                  2.0404                      -49.079802
                  2.0503                      -49.236598
                  2.0602                      -49.392722
                  2.0701                      -49.548179
                    2.08                      -49.702973
                  2.0899                      -49.857107
                  2.0998                      -50.010586
                  2.1097                      -50.163415
                  2.1196                      -50.315596
                  2.1295                      -50.467136
                  2.1394                      -50.618036
                  2.1493                      -50.768303
                  2.1592                       -50.91794
                  2.1691                      -51.066952
                   2.179                      -51.215342
                  2.1889                      -51.363116
                  2.1988                      -51.510276
                  2.2087                      -51.656828
                  2.2186                      -51.802776
                  2.2285                      -51.948124
                  2.2384                      -52.092877
                  2.2483                      -52.237038
                  2.2582                      -52.380613
                  2.2681                      -52.523605
                   2.278                       -52.66602
                  2.2879                       -52.80786
                  2.2978                      -52.949131
                  2.3077                      -53.089837
                  2.3176                      -53.229982
                  2.3275                      -53.369571
                  2.3374                      -53.508609
                  2.3473                      -53.647099
                  2.3572                      -53.785046
                  2.3671                      -53.922454
                   2.377                      -54.059329
                  2.3869                      -54.195673
                  2.3968                      -54.331492
                  2.4067                      -54.466791
                  2.4166                      -54.601573
                  2.4265                      -54.735843
                  2.4364                      -54.869606
                  2.4463                      -55.002866
                  2.4562                      -55.135627
                  2.4661                      -55.267895
                   2.476                      -55.399672
                  2.4859                      -55.530965
                  2.4958                      -55.661777
                  2.5057                      -55.792113
                  2.5156                      -55.921978
                  2.5255                      -56.051375
                  2.5354                       -56.18031
                  2.5453                      -56.308786
                  2.5552                      -56.436809
                  2.5651                      -56.564383
                   2.575                      -56.691513
                  2.5849                      -56.818202
                  2.5948                      -56.944456
                  2.6047                      -57.070279
                  2.6146                      -57.195676
                  2.6245                       -57.32065
                  2.6344                      -57.445208
                  2.6443                      -57.569352
                  2.6542                      -57.693088
                  2.6641                       -57.81642
                   2.674                      -57.939353
                  2.6839                      -58.061891
                  2.6938                       -58.18404
                  2.7037                      -58.305802
                  2.7136                      -58.427183
                  2.7235                      -58.548188
                  2.7334                      -58.668821
                  2.7433                      -58.789086
                  2.7532                      -58.908989
                  2.7631                      -59.028533
                   2.773                      -59.147723
                  2.7829                      -59.266564
                  2.7928                       -59.38506
                  2.8027                      -59.503216
                  2.8126                      -59.621037
                  2.8225                      -59.738526
                  2.8324                      -59.855688
                  2.8423                      -59.972529
                  2.8522                      -60.089052
                  2.8621                      -60.205262
                   2.872                      -60.321164
                  2.8819                      -60.436761
                  2.8918                      -60.552059
                  2.9017                      -60.667063
                  2.9116                      -60.781776
                  2.9215                      -60.896203
                  2.9314                      -61.010349
                  2.9413                      -61.124218
                  2.9512                      -61.237815
                  2.9611                      -61.351144
                   2.971                       -61.46421
                  2.9809                      -61.577017
                  2.9908                      -61.689569
                  3.0007                      -61.801872
                  3.0106                      -61.913929
                  3.0205                      -62.025746
                  3.0304                      -62.137326
                  3.0403                      -62.248675
                  3.0502                      -62.359796
                  3.0601                      -62.470694
                    3.07                      -62.581373
                  3.0799                      -62.691838
                  3.0898                      -62.802094
                  3.0997                      -62.912144
                  3.1096                      -63.021993
                  3.1195                      -63.131647
                  3.1294                      -63.241108
                  3.1393                      -63.350381
                  3.1492                      -63.459471
                  3.1591                      -63.568383
                   3.169                      -63.677119
                  3.1789                      -63.785686
                  3.1888                      -63.894087
                  3.1987                      -64.002327
                  3.2086                      -64.110409
                  3.2185                      -64.218338
                  3.2284                       -64.32612
                  3.2383                      -64.433756
                  3.2482                      -64.541253
                  3.2581                      -64.648615
                   3.268                      -64.755845
                  3.2779                      -64.862947
                  3.2878                      -64.969927
                  3.2977                      -65.076789
                  3.3076                      -65.183535
                  3.3175                      -65.290172
                  3.3274                      -65.396702
                  3.3373                       -65.50313
                  3.3472                      -65.609461
                  3.3571                      -65.715698
                   3.367                      -65.821845
                  3.3769                      -65.927907
                  3.3868                      -66.033888
                  3.3967                      -66.139791
                  3.4066                      -66.245621
                  3.4165                      -66.351382
                  3.4264                      -66.457078
                  3.4363                      -66.562712
                  3.4462                      -66.668289
                  3.4561                      -66.773813
                   3.466                      -66.879288
                  3.4759                      -66.984717
                  3.4858                      -67.090105
                  3.4957                      -67.195455
                  3.5056                      -67.300772
                  3.5155                      -67.406058
                  3.5254                      -67.511319
                  3.5353                      -67.616557
                  3.5452                      -67.721776
                  3.5551                      -67.826981
                   3.565                      -67.932175
                  3.5749                      -68.037361
                  3.5848                      -68.142544
                  3.5947                      -68.247727
                  3.6046                      -68.352913
                  3.6145                      -68.458107
                  3.6244                      -68.563311
                  3.6343                       -68.66853
                  3.6442                      -68.773767
                  3.6541                      -68.879025
                   3.664                      -68.984308
                  3.6739                       -69.08962
                  3.6838                      -69.194963
                  3.6937                      -69.300341
                  3.7036                      -69.405758
                  3.7135                      -69.511217
                  3.7234                      -69.616721
                  3.7333                      -69.722274
                  3.7432                      -69.827878
                  3.7531                      -69.933537
                   3.763                      -70.039255
                  3.7729                      -70.145033
                  3.7828                      -70.250877
                  3.7927                      -70.356787
                  3.8026                      -70.462769
                  3.8125                      -70.568824
                  3.8224                      -70.674956
                  3.8323                      -70.781168
                  3.8422                      -70.887462
                  3.8521                      -70.993842
                   3.862                       -71.10031
                  3.8719                      -71.206869
                  3.8818                      -71.313523
                  3.8917                      -71.420274
                  3.9016                      -71.527124
                  3.9115                      -71.634076
                  3.9214                      -71.741134
                  3.9313                      -71.848299
                  3.9412                      -71.955574
                  3.9511                      -72.062963
                   3.961                      -72.170467
                  3.9709                      -72.278088
                  3.9808                       -72.38583
                  3.9907                      -72.493695
                  4.0006                      -72.601685
                  4.0105                      -72.709803
                  4.0204                      -72.818051
                  4.0303                       -72.92643
                  4.0402                      -73.034945
                  4.0501                      -73.143596
                    4.06                      -73.252385
                  4.0699                      -73.361316
                  4.0798                       -73.47039
                  4.0897                      -73.579609
                  4.0996                      -73.688975
                  4.1095                       -73.79849
                  4.1194                      -73.908157
                  4.1293                      -74.017976
                  4.1392                       -74.12795
                  4.1491                      -74.238082
                   4.159                      -74.348371
                  4.1689                      -74.458821
                  4.1788                      -74.569433
                  4.1887                      -74.680209
                  4.1986                       -74.79115
                  4.2085                      -74.902258
                  4.2184                      -75.013535
                  4.2283                      -75.124982
                  4.2382                        -75.2366
                  4.2481                      -75.348391
                   4.258                      -75.460357
                  4.2679                      -75.572499
                  4.2778                      -75.684818
                  4.2877                      -75.797315
                  4.2976                      -75.909992
                  4.3075                       -76.02285
                  4.3174                       -76.13589
                  4.3273                      -76.249114
                  4.3372                      -76.362521
                  4.3471                      -76.476115
                   4.357                      -76.589894
                  4.3669                      -76.703862
                  4.3768                      -76.818017
                  4.3867                      -76.932363
                  4.3966                      -77.046898
                  4.4065                      -77.161624
                  4.4164                      -77.276543
                  4.4263                      -77.391654
                  4.4362                      -77.506958
                  4.4461                      -77.622457
                   4.456                       -77.73815
                  4.4659                      -77.854039
                  4.4758                      -77.970123
                  4.4857                      -78.086405
                  4.4956                      -78.202883
                  4.5055                      -78.319559
                  4.5154                      -78.436432
                  4.5253                      -78.553504
                  4.5352                      -78.670775
                  4.5451                      -78.788245
                   4.555                      -78.905914
                  4.5649                      -79.023783
                  4.5748                      -79.141852
                  4.5847                       -79.26012
                  4.5946                      -79.378589
                  4.6045                      -79.497259
                  4.6144                      -79.616128
                  4.6243                      -79.735199
                  4.6342                       -79.85447
                  4.6441                      -79.973941
                   4.654                      -80.093613
                  4.6639                      -80.213485
                  4.6738                      -80.333558
                  4.6837                      -80.453831
                  4.6936                      -80.574304
                  4.7035                      -80.694977
                  4.7134                       -80.81585
                  4.7233                      -80.936922
                  4.7332                      -81.058193
                  4.7431                      -81.179663
                   4.753                      -81.301332
                  4.7629                      -81.423199
                  4.7728                      -81.545263
                  4.7827                      -81.667525
                  4.7926                      -81.789984
                  4.8025                      -81.912639
                  4.8124                       -82.03549
                  4.8223                      -82.158536
                  4.8322                      -82.281777
                  4.8421                      -82.405213
                   4.852                      -82.528842
                  4.8619                      -82.652664
                  4.8718                      -82.776679
                  4.8817                      -82.900885
                  4.8916                      -83.025282
                  4.9015                      -83.149869
                  4.9114                      -83.274646
                  4.9213                      -83.399612
                  4.9312                      -83.524766
                  4.9411                      -83.650106
                   4.951                      -83.775634
                  4.9609                      -83.901346
                  4.9708                      -84.027243
                  4.9807                      -84.153324
                  4.9906                      -84.279588
                  5.0005                      -84.406033
                  5.0104                      -84.532659
                  5.0203                      -84.659466
                  5.0302                      -84.786451
                  5.0401                      -84.913614
                    5.05                      -85.040954
                  5.0599                       -85.16847
                  5.0698                       -85.29616
                  5.0797                      -85.424025
                  5.0896                      -85.552062
                  5.0995                       -85.68027
                  5.1094                      -85.808649
                  5.1193                      -85.937198
                  5.1292                      -86.065914
                  5.1391                      -86.194797
                   5.149                      -86.323847
                  5.1589                       -86.45306
                  5.1688                      -86.582438
                  5.1787                      -86.711977
                  5.1886                      -86.841678
                  5.1985                      -86.971538
                  5.2084                      -87.101557
                  5.2183                      -87.231733
                  5.2282                      -87.362065
                  5.2381                      -87.492552
                   5.248                      -87.623192
                  5.2579                      -87.753985
                  5.2678                      -87.884928
                  5.2777                      -88.016021
                  5.2876                      -88.147263
                  5.2975                      -88.278651
                  5.3074                      -88.410185
                  5.3173                      -88.541863
                  5.3272                      -88.673685
                  5.3371                      -88.805647
                   5.347                      -88.937751
                  5.3569                      -89.069993
                  5.3668                      -89.202372
                  5.3767                      -89.334888
                  5.3866                      -89.467539
                  5.3965                      -89.600323
                  5.4064                      -89.733239
                  5.4163                      -89.866286
                  5.4262                      -89.999463
                  5.4361                      -90.132767
                   5.446                      -90.266198
                  5.4559                      -90.399754
                  5.4658                      -90.533434
                  5.4757                      -90.667237
                  5.4856                       -90.80116
                  5.4955                      -90.935203
                  5.5054                      -91.069365
                  5.5153                      -91.203643
                  5.5252                      -91.338037
                  5.5351                      -91.472546
                   5.545                      -91.607167
                  5.5549                      -91.741899
                  5.5648                      -91.876741
                  5.5747                      -92.011692
                  5.5846                      -92.146751
                  5.5945                      -92.281915
                  5.6044                      -92.417184
                  5.6143                      -92.552556
                  5.6242                       -92.68803
                  5.6341                      -92.823604
                   5.644                      -92.959278
                  5.6539                      -93.095049
                  5.6638                      -93.230917
                  5.6737                       -93.36688
                  5.6836                      -93.502936
                  5.6935                      -93.639085
                  5.7034                      -93.775326
                  5.7133                      -93.911656
                  5.7232                      -94.048074
                  5.7331                       -94.18458
                   5.743                      -94.321172
                  5.7529                      -94.457848
                  5.7628                      -94.594608
                  5.7727                       -94.73145
                  5.7826                      -94.868372
                  5.7925                      -95.005375
                  5.8024                      -95.142455
                  5.8123                      -95.279613
                  5.8222                      -95.416846
                  5.8321                      -95.554154
                   5.842                      -95.691535
                  5.8519                      -95.828989
                  5.8618                      -95.966513
                  5.8717                      -96.104108
                  5.8816                       -96.24177
                  5.8915                      -96.379501
                  5.9014                      -96.517297
                  5.9113                      -96.655159
                  5.9212                      -96.793084
                  5.9311                      -96.931072
                   5.941                      -97.069122
                  5.9509                      -97.207233
                  5.9608                      -97.345403
                  5.9707                      -97.483631
                  5.9806                      -97.621917
                  5.9905                      -97.760258
                  6.0004                      -97.898655
                  6.0103                      -98.037106
                  6.0202                       -98.17561
                  6.0301                      -98.314166
                    6.04                      -98.452773
                  6.0499                      -98.591429
                  6.0598                      -98.730135
                  6.0697                      -98.868888
                  6.0796                      -99.007689
                  6.0895                      -99.146535
                  6.0994                      -99.285427
                  6.1093                      -99.424363
                  6.1192                      -99.563341
                  6.1291                      -99.702362
                   6.139                      -99.841425
                  6.1489                      -99.980527
                  6.1588                      -100.11967
                  6.1687                      -100.25885
                  6.1786                      -100.39807
                  6.1885                      -100.53732
                  6.1984                      -100.67662
                  6.2083                      -100.81594
                  6.2182                       -100.9553
                  6.2281                       -101.0947
                   6.238                      -101.23413
                  6.2479                      -101.37359
                  6.2578                      -101.51308
                  6.2677                       -101.6526
                  6.2776                      -101.79215
                  6.2875                      -101.93173
                  6.2974                      -102.07134
                  6.3073                      -102.21098
                  6.3172                      -102.35064
                  6.3271                      -102.49033
                   6.337                      -102.63004
                  6.3469                      -102.76978
                  6.3568                      -102.90955
                  6.3667                      -103.04933
                  6.3766                      -103.18914
                  6.3865                      -103.32898
                  6.3964                      -103.46883
                  6.4063                      -103.60871
                  6.4162                       -103.7486
                  6.4261                      -103.88852
                   6.436                      -104.02846
                  6.4459                      -104.16841
                  6.4558                      -104.30838
                  6.4657                      -104.44837
                  6.4756                      -104.58838
                  6.4855                      -104.72841
                  6.4954                      -104.86845
                  6.5053                      -105.00851
                  6.5152                      -105.14858
                  6.5251                      -105.28867
                   6.535                      -105.42877
                  6.5449                      -105.56888
                  6.5548                      -105.70901
                  6.5647                      -105.84916
                  6.5746                      -105.98931
                  6.5845                      -106.12948
                  6.5944                      -106.26966
                  6.6043                      -106.40986
                  6.6142                      -106.55006
                  6.6241                      -106.69028
                   6.634                       -106.8305
                  6.6439                      -106.97074
                  6.6538                      -107.11099
                  6.6637                      -107.25124
                  6.6736                      -107.39151
                  6.6835                      -107.53179
                  6.6934                      -107.67207
                  6.7033                      -107.81237
                  6.7132                      -107.95267
                  6.7231                      -108.09298
                   6.733                       -108.2333
                  6.7429                      -108.37363
                  6.7528                      -108.51396
                  6.7627                       -108.6543
                  6.7726                      -108.79465
                  6.7825                      -108.93501
                  6.7924                      -109.07538
                  6.8023                      -109.21575
                  6.8122                      -109.35613
                  6.8221                      -109.49651
                   6.832                       -109.6369
                  6.8419                       -109.7773
                  6.8518                      -109.91771
                  6.8617                      -110.05812
                  6.8716                      -110.19854
                  6.8815                      -110.33896
                  6.8914                      -110.47939
                  6.9013                      -110.61983
                  6.9112                      -110.76027
                  6.9211                      -110.90072
                   6.931                      -111.04117
                  6.9409                      -111.18164
                  6.9508                       -111.3221
                  6.9607                      -111.46258
                  6.9706                      -111.60306
                  6.9805                      -111.74354
                  6.9904                      -111.88404
                  7.0003                      -112.02453
                  7.0102                      -112.16504
                  7.0201                      -112.30555
                    7.03                      -112.44607
                  7.0399                       -112.5866
                  7.0498                      -112.72713
                  7.0597                      -112.86767
                  7.0696                      -113.00821
                  7.0795                      -113.14877
                  7.0894                      -113.28933
                  7.0993                      -113.42989
                  7.1092                      -113.57047
                  7.1191                      -113.71105
                   7.129                      -113.85164
                  7.1389                      -113.99224
                  7.1488                      -114.13285
                  7.1587                      -114.27346
                  7.1686                      -114.41409
                  7.1785                      -114.55472
                  7.1884                      -114.69537
                  7.1983                      -114.83602
                  7.2082                      -114.97668
                  7.2181                      -115.11735
                   7.228                      -115.25803
                  7.2379                      -115.39872
                  7.2478                      -115.53943
                  7.2577                      -115.68014
                  7.2676                      -115.82086
                  7.2775                       -115.9616
                  7.2874                      -116.10235
                  7.2973                      -116.24311
                  7.3072                      -116.38388
                  7.3171                      -116.52466
                   7.327                      -116.66546
                  7.3369                      -116.80627
                  7.3468                      -116.94709
                  7.3567                      -117.08793
                  7.3666                      -117.22879
                  7.3765                      -117.36965
                  7.3864                      -117.51054
                  7.3963                      -117.65143
                  7.4062                      -117.79235
                  7.4161                      -117.93328
                   7.426                      -118.07422
                  7.4359                      -118.21519
                  7.4458                      -118.35617
                  7.4557                      -118.49717
                  7.4656                      -118.63819
                  7.4755                      -118.77922
                  7.4854                      -118.92028
                  7.4953                      -119.06135
                  7.5052                      -119.20245
                  7.5151                      -119.34356
                   7.525                       -119.4847
                  7.5349                      -119.62585
                  7.5448                      -119.76703
                  7.5547                      -119.90823
                  7.5646                      -120.04946
                  7.5745                       -120.1907
                  7.5844                      -120.33197
                  7.5943                      -120.47327
                  7.6042                      -120.61459
                  7.6141                      -120.75593
                   7.624                       -120.8973
                  7.6339                       -121.0387
                  7.6438                      -121.18013
                  7.6537                      -121.32158
                  7.6636                      -121.46305
                  7.6735                      -121.60456
                  7.6834                       -121.7461
                  7.6933                      -121.88766
                  7.7032                      -122.02926
                  7.7131                      -122.17089
                   7.723                      -122.31254
                  7.7329                      -122.45423
                  7.7428                      -122.59595
                  7.7527                      -122.73771
                  7.7626                       -122.8795
                  7.7725                      -123.02132
                  7.7824                      -123.16317
                  7.7923                      -123.30507
                  7.8022                      -123.44699
                  7.8121                      -123.58896
                   7.822                      -123.73096
                  7.8319                        -123.873
                  7.8418                      -124.01507
                  7.8517                      -124.15719
                  7.8616                      -124.29934
                  7.8715                      -124.44154
                  7.8814                      -124.58378
                  7.8913                      -124.72606
                  7.9012                      -124.86838
                  7.9111                      -125.01074
                   7.921                      -125.15315
                  7.9309                       -125.2956
                  7.9408                      -125.43809
                  7.9507                      -125.58063
                  7.9606                      -125.72322
                  7.9705                      -125.86585
                  7.9804                      -126.00853
                  7.9903                      -126.15126
                  8.0002                      -126.29404
                  8.0101                      -126.43687
                    8.02                      -126.57975
                  8.0299                      -126.72268
                  8.0398                      -126.86566
                  8.0497                      -127.00869
                  8.0596                      -127.15178
                  8.0695                      -127.29492
                  8.0794                      -127.43811
                  8.0893                      -127.58136
                  8.0992                      -127.72467
                  8.1091                      -127.86803
                   8.119                      -128.01145
                  8.1289                      -128.15493
                  8.1388                      -128.29847
                  8.1487                      -128.44207
                  8.1586                      -128.58573
                  8.1685                      -128.72945
                  8.1784                      -128.87323
                  8.1883                      -129.01707
                  8.1982                      -129.16098
                  8.2081                      -129.30495
                   8.218                      -129.44899
                  8.2279                      -129.59309
                  8.2378                      -129.73726
                  8.2477                       -129.8815
                  8.2576                       -130.0258
                  8.2675                      -130.17018
                  8.2774                      -130.31462
                  8.2873                      -130.45914
                  8.2972                      -130.60372
                  8.3071                      -130.74838
                   8.317                      -130.89312
                  8.3269                      -131.03792
                  8.3368                       -131.1828
                  8.3467                      -131.32776
                  8.3566                      -131.47279
                  8.3665                       -131.6179
                  8.3764                      -131.76309
                  8.3863                      -131.90835
                  8.3962                       -132.0537
                  8.4061                      -132.19913
                   8.416                      -132.34463
                  8.4259                      -132.49022
                  8.4358                       -132.6359
                  8.4457                      -132.78165
                  8.4556                       -132.9275
                  8.4655                      -133.07342
                  8.4754                      -133.21944
                  8.4853                      -133.36554
                  8.4952                      -133.51173
                  8.5051                      -133.65801
                   8.515                      -133.80438
                  8.5249                      -133.95084
                  8.5348                      -134.09739
                  8.5447                      -134.24403
                  8.5546                      -134.39077
                  8.5645                       -134.5376
                  8.5744                      -134.68453
                  8.5843                      -134.83155
                  8.5942                      -134.97867
                  8.6041                      -135.12589
                   8.614                      -135.27321
                  8.6239                      -135.42062
                  8.6338                      -135.56814
                  8.6437                      -135.71576
                  8.6536                      -135.86348
                  8.6635                      -136.01131
                  8.6734                      -136.15924
                  8.6833                      -136.30727
                  8.6932                      -136.45541
                  8.7031                      -136.60366
                   8.713                      -136.75202
                  8.7229                      -136.90048
                  8.7328                      -137.04906
                  8.7427                      -137.19775
                  8.7526                      -137.34654
                  8.7625                      -137.49546
                  8.7724                      -137.64448
                  8.7823                      -137.79362
                  8.7922                      -137.94288
                  8.8021                      -138.09225
                   8.812                      -138.24174
                  8.8219                      -138.39134
                  8.8318                      -138.54107
                  8.8417                      -138.69092
                  8.8516                      -138.84089
                  8.8615                      -138.99098
                  8.8714                      -139.14119
                  8.8813                      -139.29153
                  8.8912                        -139.442
                  8.9011                      -139.59259
                   8.911                      -139.74331
                  8.9209                      -139.89415
                  8.9308                      -140.04513
                  8.9407                      -140.19624
                  8.9506                      -140.34747
                  8.9605                      -140.49884
                  8.9704                      -140.65034
                  8.9803                      -140.80198
                  8.9902                      -140.95375
                  9.0001                      -141.10566
                    9.01                      -141.25771
                  9.0199                      -141.40989
                  9.0298                      -141.56222
                  9.0397                      -141.71468
                  9.0496                      -141.86728
                  9.0595                      -142.02003
                  9.0694                      -142.17292
                  9.0793                      -142.32596
                  9.0892                      -142.47914
                  9.0991                      -142.63247
                   9.109                      -142.78594
                  9.1189                      -142.93956
                  9.1288                      -143.09334
                  9.1387                      -143.24726
                  9.1486                      -143.40133
                  9.1585                      -143.55556
                  9.1684                      -143.70994
                  9.1783                      -143.86448
                  9.1882                      -144.01917
                  9.1981                      -144.17402
                   9.208                      -144.32903
                  9.2179                      -144.48419
                  9.2278                      -144.63952
                  9.2377                      -144.79501
                  9.2476                      -144.95066
                  9.2575                      -145.10647
                  9.2674                      -145.26245
                  9.2773                      -145.41859
                  9.2872                       -145.5749
                  9.2971                      -145.73137
                   9.307                      -145.88802
                  9.3169                      -146.04483
                  9.3268                      -146.20182
                  9.3367                      -146.35897
                  9.3466                       -146.5163
                  9.3565                      -146.67381
                  9.3664                      -146.83149
                  9.3763                      -146.98934
                  9.3862                      -147.14737
                  9.3961                      -147.30558
                   9.406                      -147.46397
                  9.4159                      -147.62255
                  9.4258                       -147.7813
                  9.4357                      -147.94023
                  9.4456                      -148.09935
                  9.4555                      -148.25866
                  9.4654                      -148.41814
                  9.4753                      -148.57782
                  9.4852                      -148.73769
                  9.4951                      -148.89774
                   9.505                      -149.05799
                  9.5149                      -149.21842
                  9.5248                      -149.37905
                  9.5347                      -149.53987
                  9.5446                      -149.70089
                  9.5545                      -149.86211
                  9.5644                      -150.02352
                  9.5743                      -150.18512
                  9.5842                      -150.34693
                  9.5941                      -150.50894
                   9.604                      -150.67115
                  9.6139                      -150.83356
                  9.6238                      -150.99618
                  9.6337                        -151.159
                  9.6436                      -151.32203
                  9.6535                      -151.48527
                  9.6634                      -151.64871
                  9.6733                      -151.81236
                  9.6832                      -151.97622
                  9.6931                       -152.1403
                   9.703                      -152.30459
                  9.7129                      -152.46909
                  9.7228                      -152.63381
                  9.7327                      -152.79874
                  9.7426                      -152.96389
                  9.7525                      -153.12926
                  9.7624                      -153.29484
                  9.7723                      -153.46065
                  9.7822                      -153.62668
                  9.7921                      -153.79294
                   9.802                      -153.95942
                  9.8119                      -154.12612
                  9.8218                      -154.29305
                  9.8317                      -154.46021
                  9.8416                      -154.62759
                  9.8515                      -154.79521
                  9.8614                      -154.96305
                  9.8713                      -155.13113
                  9.8812                      -155.29944
                  9.8911                      -155.46799
                   9.901                      -155.63677
                  9.9109                      -155.80579
                  9.9208                      -155.97504
                  9.9307                      -156.14454
                  9.9406                      -156.31427
                  9.9505                      -156.48425
                  9.9604                      -156.65446
                  9.9703                      -156.82492
                  9.9802                      -156.99563
                  9.9901                      -157.16658
                      10                      -157.33778

