
                     0.1                      -93.258042
                  0.1099                      -93.550556
                  0.1198                      -93.848321
                  0.1297                      -94.150109
                  0.1396                      -94.455035
                  0.1495                      -94.762444
                  0.1594                      -95.071839
                  0.1693                      -95.382834
                  0.1792                      -95.695128
                  0.1891                      -96.008477
                   0.199                      -96.322684
                  0.2089                      -96.637585
                  0.2188                      -96.953046
                  0.2287                      -97.268951
                  0.2386                      -97.585203
                  0.2485                      -97.901716
                  0.2584                      -98.218418
                  0.2683                      -98.535243
                  0.2782                      -98.852134
                  0.2881                       -99.16904
                   0.298                      -99.485914
                  0.3079                      -99.802715
                  0.3178                       -100.1194
                  0.3277                      -100.43595
                  0.3376                      -100.75231
                  0.3475                      -101.06847
                  0.3574                      -101.38439
                  0.3673                      -101.70004
                  0.3772                      -102.01541
                  0.3871                      -102.33047
                   0.397                      -102.64519
                  0.4069                      -102.95956
                  0.4168                      -103.27356
                  0.4267                      -103.58717
                  0.4366                      -103.90036
                  0.4465                      -104.21312
                  0.4564                      -104.52544
                  0.4663                       -104.8373
                  0.4762                      -105.14868
                  0.4861                      -105.45957
                   0.496                      -105.76996
                  0.5059                      -106.07982
                  0.5158                      -106.38915
                  0.5257                      -106.69793
                  0.5356                      -107.00615
                  0.5455                      -107.31379
                  0.5554                      -107.62085
                  0.5653                      -107.92732
                  0.5752                      -108.23318
                  0.5851                      -108.53841
                   0.595                      -108.84302
                  0.6049                      -109.14699
                  0.6148                       -109.4503
                  0.6247                      -109.75296
                  0.6346                      -110.05494
                  0.6445                      -110.35624
                  0.6544                      -110.65686
                  0.6643                      -110.95677
                  0.6742                      -111.25598
                  0.6841                      -111.55447
                   0.694                      -111.85224
                  0.7039                      -112.14928
                  0.7138                      -112.44558
                  0.7237                      -112.74113
                  0.7336                      -113.03593
                  0.7435                      -113.32996
                  0.7534                      -113.62323
                  0.7633                      -113.91572
                  0.7732                      -114.20743
                  0.7831                      -114.49836
                   0.793                      -114.78848
                  0.8029                      -115.07781
                  0.8128                      -115.36634
                  0.8227                      -115.65405
                  0.8326                      -115.94095
                  0.8425                      -116.22702
                  0.8524                      -116.51227
                  0.8623                      -116.79669
                  0.8722                      -117.08027
                  0.8821                      -117.36301
                   0.892                      -117.64491
                  0.9019                      -117.92596
                  0.9118                      -118.20615
                  0.9217                      -118.48549
                  0.9316                      -118.76398
                  0.9415                      -119.04159
                  0.9514                      -119.31835
                  0.9613                      -119.59423
                  0.9712                      -119.86924
                  0.9811                      -120.14338
                   0.991                      -120.41664
                  1.0009                      -120.68902
                  1.0108                      -120.96052
                  1.0207                      -121.23113
                  1.0306                      -121.50086
                  1.0405                       -121.7697
                  1.0504                      -122.03765
                  1.0603                      -122.30471
                  1.0702                      -122.57087
                  1.0801                      -122.83614
                    1.09                      -123.10052
                  1.0999                        -123.364
                  1.1098                      -123.62659
                  1.1197                      -123.88827
                  1.1296                      -124.14906
                  1.1395                      -124.40895
                  1.1494                      -124.66794
                  1.1593                      -124.92602
                  1.1692                      -125.18321
                  1.1791                       -125.4395
                   1.189                      -125.69489
                  1.1989                      -125.94938
                  1.2088                      -126.20297
                  1.2187                      -126.45566
                  1.2286                      -126.70745
                  1.2385                      -126.95834
                  1.2484                      -127.20834
                  1.2583                      -127.45744
                  1.2682                      -127.70564
                  1.2781                      -127.95295
                   1.288                      -128.19936
                  1.2979                      -128.44489
                  1.3078                      -128.68952
                  1.3177                      -128.93325
                  1.3276                       -129.1761
                  1.3375                      -129.41807
                  1.3474                      -129.65914
                  1.3573                      -129.89934
                  1.3672                      -130.13865
                  1.3771                      -130.37708
                   1.387                      -130.61463
                  1.3969                       -130.8513
                  1.4068                       -131.0871
                  1.4167                      -131.32202
                  1.4266                      -131.55607
                  1.4365                      -131.78926
                  1.4464                      -132.02157
                  1.4563                      -132.25303
                  1.4662                      -132.48362
                  1.4761                      -132.71335
                   1.486                      -132.94222
                  1.4959                      -133.17024
                  1.5058                      -133.39741
                  1.5157                      -133.62373
                  1.5256                       -133.8492
                  1.5355                      -134.07383
                  1.5454                      -134.29761
                  1.5553                      -134.52056
                  1.5652                      -134.74267
                  1.5751                      -134.96395
                   1.585                      -135.18439
                  1.5949                      -135.40401
                  1.6048                      -135.62281
                  1.6147                      -135.84078
                  1.6246                      -136.05794
                  1.6345                      -136.27428
                  1.6444                      -136.48981
                  1.6543                      -136.70453
                  1.6642                      -136.91845
                  1.6741                      -137.13156
                   1.684                      -137.34388
                  1.6939                      -137.55539
                  1.7038                      -137.76612
                  1.7137                      -137.97605
                  1.7236                       -138.1852
                  1.7335                      -138.39357
                  1.7434                      -138.60116
                  1.7533                      -138.80797
                  1.7632                      -139.01401
                  1.7731                      -139.21928
                   1.783                      -139.42378
                  1.7929                      -139.62752
                  1.8028                      -139.83051
                  1.8127                      -140.03273
                  1.8226                      -140.23421
                  1.8325                      -140.43494
                  1.8424                      -140.63492
                  1.8523                      -140.83416
                  1.8622                      -141.03266
                  1.8721                      -141.23043
                   1.882                      -141.42746
                  1.8919                      -141.62377
                  1.9018                      -141.81936
                  1.9117                      -142.01422
                  1.9216                      -142.20837
                  1.9315                       -142.4018
                  1.9414                      -142.59453
                  1.9513                      -142.78655
                  1.9612                      -142.97786
                  1.9711                      -143.16848
                   1.981                       -143.3584
                  1.9909                      -143.54763
                  2.0008                      -143.73617
                  2.0107                      -143.92402
                  2.0206                       -144.1112
                  2.0305                      -144.29769
                  2.0404                      -144.48352
                  2.0503                      -144.66867
                  2.0602                      -144.85315
                  2.0701                      -145.03697
                    2.08                      -145.22013
                  2.0899                      -145.40263
                  2.0998                      -145.58448
                  2.1097                      -145.76568
                  2.1196                      -145.94623
                  2.1295                      -146.12614
                  2.1394                      -146.30541
                  2.1493                      -146.48404
                  2.1592                      -146.66204
                  2.1691                      -146.83941
                   2.179                      -147.01616
                  2.1889                      -147.19228
                  2.1988                      -147.36778
                  2.2087                      -147.54267
                  2.2186                      -147.71695
                  2.2285                      -147.89062
                  2.2384                      -148.06368
                  2.2483                      -148.23614
                  2.2582                        -148.408
                  2.2681                      -148.57926
                   2.278                      -148.74993
                  2.2879                      -148.92001
                  2.2978                      -149.08951
                  2.3077                      -149.25842
                  2.3176                      -149.42676
                  2.3275                      -149.59452
                  2.3374                       -149.7617
                  2.3473                      -149.92832
                  2.3572                      -150.09437
                  2.3671                      -150.25985
                   2.377                      -150.42478
                  2.3869                      -150.58914
                  2.3968                      -150.75296
                  2.4067                      -150.91622
                  2.4166                      -151.07894
                  2.4265                      -151.24111
                  2.4364                      -151.40273
                  2.4463                      -151.56382
                  2.4562                      -151.72438
                  2.4661                       -151.8844
                   2.476                      -152.04389
                  2.4859                      -152.20285
                  2.4958                      -152.36129
                  2.5057                      -152.51921
                  2.5156                      -152.67661
                  2.5255                       -152.8335
                  2.5354                      -152.98988
                  2.5453                      -153.14574
                  2.5552                       -153.3011
                  2.5651                      -153.45595
                   2.575                      -153.61031
                  2.5849                      -153.76416
                  2.5948                      -153.91752
                  2.6047                      -154.07039
                  2.6146                      -154.22277
                  2.6245                      -154.37466
                  2.6344                      -154.52607
                  2.6443                        -154.677
                  2.6542                      -154.82744
                  2.6641                      -154.97742
                   2.674                      -155.12691
                  2.6839                      -155.27594
                  2.6938                       -155.4245
                  2.7037                      -155.57259
                  2.7136                      -155.72022
                  2.7235                      -155.86739
                  2.7334                      -156.01411
                  2.7433                      -156.16036
                  2.7532                      -156.30617
                  2.7631                      -156.45152
                   2.773                      -156.59643
                  2.7829                      -156.74089
                  2.7928                      -156.88491
                  2.8027                      -157.02849
                  2.8126                      -157.17164
                  2.8225                      -157.31434
                  2.8324                      -157.45662
                  2.8423                      -157.59846
                  2.8522                      -157.73988
                  2.8621                      -157.88087
                   2.872                      -158.02143
                  2.8819                      -158.16158
                  2.8918                      -158.30131
                  2.9017                      -158.44062
                  2.9116                      -158.57952
                  2.9215                      -158.71801
                  2.9314                      -158.85609
                  2.9413                      -158.99376
                  2.9512                      -159.13103
                  2.9611                      -159.26789
                   2.971                      -159.40436
                  2.9809                      -159.54043
                  2.9908                       -159.6761
                  3.0007                      -159.81138
                  3.0106                      -159.94627
                  3.0205                      -160.08077
                  3.0304                      -160.21488
                  3.0403                      -160.34861
                  3.0502                      -160.48196
                  3.0601                      -160.61493
                    3.07                      -160.74752
                  3.0799                      -160.87973
                  3.0898                      -161.01157
                  3.0997                      -161.14304
                  3.1096                      -161.27414
                  3.1195                      -161.40488
                  3.1294                      -161.53525
                  3.1393                      -161.66525
                  3.1492                       -161.7949
                  3.1591                      -161.92419
                   3.169                      -162.05312
                  3.1789                      -162.18169
                  3.1888                      -162.30992
                  3.1987                      -162.43779
                  3.2086                      -162.56532
                  3.2185                       -162.6925
                  3.2284                      -162.81934
                  3.2383                      -162.94583
                  3.2482                      -163.07199
                  3.2581                      -163.19781
                   3.268                      -163.32329
                  3.2779                      -163.44844
                  3.2878                      -163.57325
                  3.2977                      -163.69774
                  3.3076                       -163.8219
                  3.3175                      -163.94573
                  3.3274                      -164.06924
                  3.3373                      -164.19243
                  3.3472                      -164.31529
                  3.3571                      -164.43784
                   3.367                      -164.56008
                  3.3769                        -164.682
                  3.3868                      -164.80361
                  3.3967                      -164.92491
                  3.4066                       -165.0459
                  3.4165                      -165.16658
                  3.4264                      -165.28696
                  3.4363                      -165.40704
                  3.4462                      -165.52682
                  3.4561                       -165.6463
                   3.466                      -165.76549
                  3.4759                      -165.88438
                  3.4858                      -166.00297
                  3.4957                      -166.12128
                  3.5056                       -166.2393
                  3.5155                      -166.35703
                  3.5254                      -166.47448
                  3.5353                      -166.59164
                  3.5452                      -166.70853
                  3.5551                      -166.82513
                   3.565                      -166.94146
                  3.5749                      -167.05751
                  3.5848                      -167.17329
                  3.5947                      -167.28879
                  3.6046                      -167.40403
                  3.6145                        -167.519
                  3.6244                      -167.63371
                  3.6343                      -167.74815
                  3.6442                      -167.86232
                  3.6541                      -167.97624
                   3.664                       -168.0899
                  3.6739                       -168.2033
                  3.6838                      -168.31645
                  3.6937                      -168.42935
                  3.7036                      -168.54199
                  3.7135                      -168.65438
                  3.7234                      -168.76653
                  3.7333                      -168.87843
                  3.7432                      -168.99009
                  3.7531                      -169.10151
                   3.763                      -169.21268
                  3.7729                      -169.32362
                  3.7828                      -169.43432
                  3.7927                      -169.54479
                  3.8026                      -169.65502
                  3.8125                      -169.76502
                  3.8224                      -169.87479
                  3.8323                      -169.98434
                  3.8422                      -170.09366
                  3.8521                      -170.20275
                   3.862                      -170.31162
                  3.8719                      -170.42028
                  3.8818                      -170.52871
                  3.8917                      -170.63692
                  3.9016                      -170.74493
                  3.9115                      -170.85271
                  3.9214                      -170.96029
                  3.9313                      -171.06765
                  3.9412                      -171.17481
                  3.9511                      -171.28176
                   3.961                       -171.3885
                  3.9709                      -171.49504
                  3.9808                      -171.60138
                  3.9907                      -171.70752
                  4.0006                      -171.81346
                  4.0105                       -171.9192
                  4.0204                      -172.02475
                  4.0303                      -172.13011
                  4.0402                      -172.23527
                  4.0501                      -172.34025
                    4.06                      -172.44503
                  4.0699                      -172.54963
                  4.0798                      -172.65404
                  4.0897                      -172.75827
                  4.0996                      -172.86232
                  4.1095                      -172.96619
                  4.1194                      -173.06987
                  4.1293                      -173.17338
                  4.1392                      -173.27672
                  4.1491                      -173.37988
                   4.159                      -173.48287
                  4.1689                      -173.58568
                  4.1788                      -173.68833
                  4.1887                      -173.79081
                  4.1986                      -173.89312
                  4.2085                      -173.99527
                  4.2184                      -174.09725
                  4.2283                      -174.19907
                  4.2382                      -174.30074
                  4.2481                      -174.40224
                   4.258                      -174.50358
                  4.2679                      -174.60477
                  4.2778                      -174.70581
                  4.2877                      -174.80669
                  4.2976                      -174.90742
                  4.3075                      -175.00799
                  4.3174                      -175.10842
                  4.3273                      -175.20871
                  4.3372                      -175.30884
                  4.3471                      -175.40883
                   4.357                      -175.50868
                  4.3669                      -175.60839
                  4.3768                      -175.70795
                  4.3867                      -175.80738
                  4.3966                      -175.90667
                  4.4065                      -176.00582
                  4.4164                      -176.10483
                  4.4263                      -176.20372
                  4.4362                      -176.30247
                  4.4461                      -176.40108
                   4.456                      -176.49957
                  4.4659                      -176.59793
                  4.4758                      -176.69616
                  4.4857                      -176.79427
                  4.4956                      -176.89225
                  4.5055                       -176.9901
                  4.5154                      -177.08784
                  4.5253                      -177.18545
                  4.5352                      -177.28294
                  4.5451                      -177.38032
                   4.555                      -177.47757
                  4.5649                      -177.57471
                  4.5748                      -177.67174
                  4.5847                      -177.76865
                  4.5946                      -177.86544
                  4.6045                      -177.96213
                  4.6144                       -178.0587
                  4.6243                      -178.15517
                  4.6342                      -178.25152
                  4.6441                      -178.34777
                   4.654                      -178.44392
                  4.6639                      -178.53995
                  4.6738                      -178.63589
                  4.6837                      -178.73172
                  4.6936                      -178.82745
                  4.7035                      -178.92308
                  4.7134                       -179.0186
                  4.7233                      -179.11403
                  4.7332                      -179.20937
                  4.7431                       -179.3046
                   4.753                      -179.39974
                  4.7629                      -179.49478
                  4.7728                      -179.58974
                  4.7827                      -179.68459
                  4.7926                      -179.77936
                  4.8025                      -179.87404
                  4.8124                      -179.96862
                  4.8223                       179.93688
                  4.8322                       179.84247
                  4.8421                       179.74815
                   4.852                       179.65391
                  4.8619                       179.55976
                  4.8718                       179.46569
                  4.8817                        179.3717
                  4.8916                        179.2778
                  4.9015                       179.18398
                  4.9114                       179.09024
                  4.9213                       178.99658
                  4.9312                         178.903
                  4.9411                       178.80949
                   4.951                       178.71606
                  4.9609                       178.62271
                  4.9708                       178.52944
                  4.9807                       178.43624
                  4.9906                       178.34311
                  5.0005                       178.25005
                  5.0104                       178.15707
                  5.0203                       178.06416
                  5.0302                       177.97132
                  5.0401                       177.87855
                    5.05                       177.78584
                  5.0599                       177.69321
                  5.0698                       177.60064
                  5.0797                       177.50814
                  5.0896                       177.41571
                  5.0995                       177.32334
                  5.1094                       177.23103
                  5.1193                       177.13879
                  5.1292                       177.04661
                  5.1391                       176.95449
                   5.149                       176.86244
                  5.1589                       176.77045
                  5.1688                       176.67851
                  5.1787                       176.58664
                  5.1886                       176.49482
                  5.1985                       176.40306
                  5.2084                       176.31136
                  5.2183                       176.21971
                  5.2282                       176.12813
                  5.2381                       176.03659
                   5.248                       175.94511
                  5.2579                       175.85369
                  5.2678                       175.76232
                  5.2777                         175.671
                  5.2876                       175.57973
                  5.2975                       175.48852
                  5.3074                       175.39735
                  5.3173                       175.30624
                  5.3272                       175.21517
                  5.3371                       175.12416
                   5.347                       175.03319
                  5.3569                       174.94227
                  5.3668                        174.8514
                  5.3767                       174.76058
                  5.3866                        174.6698
                  5.3965                       174.57906
                  5.4064                       174.48837
                  5.4163                       174.39773
                  5.4262                       174.30713
                  5.4361                       174.21657
                   5.446                       174.12606
                  5.4559                       174.03559
                  5.4658                       173.94516
                  5.4757                       173.85477
                  5.4856                       173.76442
                  5.4955                       173.67411
                  5.5054                       173.58384
                  5.5153                       173.49361
                  5.5252                       173.40342
                  5.5351                       173.31327
                   5.545                       173.22315
                  5.5549                       173.13307
                  5.5648                       173.04303
                  5.5747                       172.95302
                  5.5846                       172.86305
                  5.5945                       172.77312
                  5.6044                       172.68322
                  5.6143                       172.59335
                  5.6242                       172.50352
                  5.6341                       172.41372
                   5.644                       172.32395
                  5.6539                       172.23422
                  5.6638                       172.14452
                  5.6737                       172.05485
                  5.6836                       171.96521
                  5.6935                        171.8756
                  5.7034                       171.78602
                  5.7133                       171.69647
                  5.7232                       171.60695
                  5.7331                       171.51746
                   5.743                         171.428
                  5.7529                       171.33857
                  5.7628                       171.24916
                  5.7727                       171.15978
                  5.7826                       171.07043
                  5.7925                        170.9811
                  5.8024                        170.8918
                  5.8123                       170.80253
                  5.8222                       170.71328
                  5.8321                       170.62406
                   5.842                       170.53486
                  5.8519                       170.44568
                  5.8618                       170.35653
                  5.8717                        170.2674
                  5.8816                        170.1783
                  5.8915                       170.08922
                  5.9014                       170.00016
                  5.9113                       169.91112
                  5.9212                        169.8221
                  5.9311                       169.73311
                   5.941                       169.64413
                  5.9509                       169.55518
                  5.9608                       169.46625
                  5.9707                       169.37733
                  5.9806                       169.28844
                  5.9905                       169.19956
                  6.0004                       169.11071
                  6.0103                       169.02187
                  6.0202                       168.93305
                  6.0301                       168.84425
                    6.04                       168.75547
                  6.0499                        168.6667
                  6.0598                       168.57795
                  6.0697                       168.48922
                  6.0796                        168.4005
                  6.0895                        168.3118
                  6.0994                       168.22311
                  6.1093                       168.13444
                  6.1192                       168.04579
                  6.1291                       167.95715
                   6.139                       167.86852
                  6.1489                       167.77991
                  6.1588                       167.69132
                  6.1687                       167.60273
                  6.1786                       167.51416
                  6.1885                        167.4256
                  6.1984                       167.33706
                  6.2083                       167.24853
                  6.2182                       167.16001
                  6.2281                        167.0715
                   6.238                       166.98301
                  6.2479                       166.89452
                  6.2578                       166.80605
                  6.2677                       166.71759
                  6.2776                       166.62913
                  6.2875                       166.54069
                  6.2974                       166.45226
                  6.3073                       166.36384
                  6.3172                       166.27543
                  6.3271                       166.18703
                   6.337                       166.09864
                  6.3469                       166.01025
                  6.3568                       165.92188
                  6.3667                       165.83351
                  6.3766                       165.74515
                  6.3865                        165.6568
                  6.3964                       165.56846
                  6.4063                       165.48012
                  6.4162                        165.3918
                  6.4261                       165.30348
                   6.436                       165.21516
                  6.4459                       165.12685
                  6.4558                       165.03855
                  6.4657                       164.95026
                  6.4756                       164.86197
                  6.4855                       164.77369
                  6.4954                       164.68541
                  6.5053                       164.59714
                  6.5152                       164.50887
                  6.5251                       164.42061
                   6.535                       164.33236
                  6.5449                        164.2441
                  6.5548                       164.15586
                  6.5647                       164.06761
                  6.5746                       163.97937
                  6.5845                       163.89114
                  6.5944                       163.80291
                  6.6043                       163.71468
                  6.6142                       163.62645
                  6.6241                       163.53823
                   6.634                       163.45001
                  6.6439                        163.3618
                  6.6538                       163.27358
                  6.6637                       163.18537
                  6.6736                       163.09716
                  6.6835                       163.00896
                  6.6934                       162.92075
                  6.7033                       162.83255
                  6.7132                       162.74435
                  6.7231                       162.65615
                   6.733                       162.56795
                  6.7429                       162.47975
                  6.7528                       162.39155
                  6.7627                       162.30336
                  6.7726                       162.21516
                  6.7825                       162.12697
                  6.7924                       162.03877
                  6.8023                       161.95058
                  6.8122                       161.86238
                  6.8221                       161.77419
                   6.832                         161.686
                  6.8419                        161.5978
                  6.8518                       161.50961
                  6.8617                       161.42141
                  6.8716                       161.33321
                  6.8815                       161.24502
                  6.8914                       161.15682
                  6.9013                       161.06862
                  6.9112                       160.98042
                  6.9211                       160.89222
                   6.931                       160.80402
                  6.9409                       160.71581
                  6.9508                       160.62761
                  6.9607                        160.5394
                  6.9706                       160.45119
                  6.9805                       160.36298
                  6.9904                       160.27476
                  7.0003                       160.18655
                  7.0102                       160.09833
                  7.0201                       160.01011
                    7.03                       159.92189
                  7.0399                       159.83366
                  7.0498                       159.74543
                  7.0597                        159.6572
                  7.0696                       159.56897
                  7.0795                       159.48073
                  7.0894                       159.39249
                  7.0993                       159.30425
                  7.1092                         159.216
                  7.1191                       159.12775
                   7.129                        159.0395
                  7.1389                       158.95125
                  7.1488                       158.86299
                  7.1587                       158.77472
                  7.1686                       158.68646
                  7.1785                       158.59819
                  7.1884                       158.50992
                  7.1983                       158.42164
                  7.2082                       158.33336
                  7.2181                       158.24507
                   7.228                       158.15678
                  7.2379                       158.06849
                  7.2478                       157.98019
                  7.2577                       157.89189
                  7.2676                       157.80359
                  7.2775                       157.71528
                  7.2874                       157.62697
                  7.2973                       157.53865
                  7.3072                       157.45033
                  7.3171                         157.362
                   7.327                       157.27367
                  7.3369                       157.18534
                  7.3468                         157.097
                  7.3567                       157.00865
                  7.3666                       156.92031
                  7.3765                       156.83195
                  7.3864                        156.7436
                  7.3963                       156.65524
                  7.4062                       156.56687
                  7.4161                        156.4785
                   7.426                       156.39013
                  7.4359                       156.30175
                  7.4458                       156.21336
                  7.4557                       156.12498
                  7.4656                       156.03658
                  7.4755                       155.94819
                  7.4854                       155.85978
                  7.4953                       155.77138
                  7.5052                       155.68297
                  7.5151                       155.59455
                   7.525                       155.50613
                  7.5349                       155.41771
                  7.5448                       155.32928
                  7.5547                       155.24085
                  7.5646                       155.15241
                  7.5745                       155.06397
                  7.5844                       154.97552
                  7.5943                       154.88707
                  7.6042                       154.79862
                  7.6141                       154.71016
                   7.624                        154.6217
                  7.6339                       154.53323
                  7.6438                       154.44476
                  7.6537                       154.35628
                  7.6636                       154.26781
                  7.6735                       154.17932
                  7.6834                       154.09084
                  7.6933                       154.00235
                  7.7032                       153.91385
                  7.7131                       153.82535
                   7.723                       153.73685
                  7.7329                       153.64835
                  7.7428                       153.55984
                  7.7527                       153.47133
                  7.7626                       153.38281
                  7.7725                       153.29429
                  7.7824                       153.20577
                  7.7923                       153.11725
                  7.8022                       153.02872
                  7.8121                       152.94019
                   7.822                       152.85166
                  7.8319                       152.76312
                  7.8418                       152.67459
                  7.8517                       152.58605
                  7.8616                        152.4975
                  7.8715                       152.40896
                  7.8814                       152.32041
                  7.8913                       152.23186
                  7.9012                       152.14331
                  7.9111                       152.05476
                   7.921                        151.9662
                  7.9309                       151.87765
                  7.9408                       151.78909
                  7.9507                       151.70053
                  7.9606                       151.61197
                  7.9705                       151.52341
                  7.9804                       151.43485
                  7.9903                       151.34629
                  8.0002                       151.25773
                  8.0101                       151.16917
                    8.02                        151.0806
                  8.0299                       150.99204
                  8.0398                       150.90348
                  8.0497                       150.81492
                  8.0596                       150.72636
                  8.0695                        150.6378
                  8.0794                       150.54924
                  8.0893                       150.46068
                  8.0992                       150.37212
                  8.1091                       150.28356
                   8.119                       150.19501
                  8.1289                       150.10646
                  8.1388                       150.01791
                  8.1487                       149.92936
                  8.1586                       149.84082
                  8.1685                       149.75227
                  8.1784                       149.66373
                  8.1883                        149.5752
                  8.1982                       149.48667
                  8.2081                       149.39814
                   8.218                       149.30961
                  8.2279                       149.22109
                  8.2378                       149.13257
                  8.2477                       149.04406
                  8.2576                       148.95556
                  8.2675                       148.86706
                  8.2774                       148.77856
                  8.2873                       148.69007
                  8.2972                       148.60158
                  8.3071                       148.51311
                   8.317                       148.42464
                  8.3269                       148.33617
                  8.3368                       148.24771
                  8.3467                       148.15926
                  8.3566                       148.07082
                  8.3665                       147.98239
                  8.3764                       147.89396
                  8.3863                       147.80555
                  8.3962                       147.71714
                  8.4061                       147.62874
                   8.416                       147.54035
                  8.4259                       147.45197
                  8.4358                       147.36361
                  8.4457                       147.27525
                  8.4556                        147.1869
                  8.4655                       147.09857
                  8.4754                       147.01025
                  8.4853                       146.92194
                  8.4952                       146.83364
                  8.5051                       146.74535
                   8.515                       146.65708
                  8.5249                       146.56883
                  8.5348                       146.48058
                  8.5447                       146.39236
                  8.5546                       146.30414
                  8.5645                       146.21594
                  8.5744                       146.12776
                  8.5843                        146.0396
                  8.5942                       145.95145
                  8.6041                       145.86332
                   8.614                        145.7752
                  8.6239                       145.68711
                  8.6338                       145.59903
                  8.6437                       145.51098
                  8.6536                       145.42294
                  8.6635                       145.33492
                  8.6734                       145.24692
                  8.6833                       145.15895
                  8.6932                       145.07099
                  8.7031                       144.98306
                   8.713                       144.89515
                  8.7229                       144.80727
                  8.7328                       144.71941
                  8.7427                       144.63157
                  8.7526                       144.54376
                  8.7625                       144.45597
                  8.7724                       144.36821
                  8.7823                       144.28048
                  8.7922                       144.19277
                  8.8021                       144.10509
                   8.812                       144.01744
                  8.8219                       143.92982
                  8.8318                       143.84223
                  8.8417                       143.75467
                  8.8516                       143.66714
                  8.8615                       143.57964
                  8.8714                       143.49217
                  8.8813                       143.40474
                  8.8912                       143.31734
                  8.9011                       143.22998
                   8.911                       143.14265
                  8.9209                       143.05536
                  8.9308                        142.9681
                  8.9407                       142.88088
                  8.9506                        142.7937
                  8.9605                       142.70656
                  8.9704                       142.61946
                  8.9803                        142.5324
                  8.9902                       142.44538
                  9.0001                        142.3584
                    9.01                       142.27147
                  9.0199                       142.18457
                  9.0298                       142.09773
                  9.0397                       142.01093
                  9.0496                       141.92417
                  9.0595                       141.83747
                  9.0694                       141.75081
                  9.0793                        141.6642
                  9.0892                       141.57764
                  9.0991                       141.49113
                   9.109                       141.40467
                  9.1189                       141.31827
                  9.1288                       141.23192
                  9.1387                       141.14562
                  9.1486                       141.05939
                  9.1585                        140.9732
                  9.1684                       140.88708
                  9.1783                       140.80101
                  9.1882                       140.71501
                  9.1981                       140.62906
                   9.208                       140.54318
                  9.2179                       140.45736
                  9.2278                       140.37161
                  9.2377                       140.28592
                  9.2476                        140.2003
                  9.2575                       140.11475
                  9.2674                       140.02927
                  9.2773                       139.94385
                  9.2872                       139.85851
                  9.2971                       139.77324
                   9.307                       139.68805
                  9.3169                       139.60293
                  9.3268                       139.51789
                  9.3367                       139.43292
                  9.3466                       139.34804
                  9.3565                       139.26324
                  9.3664                       139.17852
                  9.3763                       139.09388
                  9.3862                       139.00933
                  9.3961                       138.92487
                   9.406                       138.84049
                  9.4159                        138.7562
                  9.4258                       138.67201
                  9.4357                       138.58791
                  9.4456                        138.5039
                  9.4555                       138.41999
                  9.4654                       138.33617
                  9.4753                       138.25246
                  9.4852                       138.16885
                  9.4951                       138.08534
                   9.505                       138.00193
                  9.5149                       137.91863
                  9.5248                       137.83544
                  9.5347                       137.75236
                  9.5446                       137.66939
                  9.5545                       137.58653
                  9.5644                       137.50379
                  9.5743                       137.42117
                  9.5842                       137.33867
                  9.5941                       137.25628
                   9.604                       137.17403
                  9.6139                       137.09189
                  9.6238                       137.00989
                  9.6337                       136.92801
                  9.6436                       136.84627
                  9.6535                       136.76466
                  9.6634                       136.68319
                  9.6733                       136.60186
                  9.6832                       136.52067
                  9.6931                       136.43962
                   9.703                       136.35872
                  9.7129                       136.27796
                  9.7228                       136.19736
                  9.7327                       136.11691
                  9.7426                       136.03662
                  9.7525                       135.95648
                  9.7624                       135.87651
                  9.7723                        135.7967
                  9.7822                       135.71706
                  9.7921                       135.63758
                   9.802                       135.55828
                  9.8119                       135.47916
                  9.8218                       135.40021
                  9.8317                       135.32144
                  9.8416                       135.24286
                  9.8515                       135.16447
                  9.8614                       135.08626
                  9.8713                       135.00825
                  9.8812                       134.93044
                  9.8911                       134.85283
                   9.901                       134.77542
                  9.9109                       134.69822
                  9.9208                       134.62123
                  9.9307                       134.54445
                  9.9406                       134.46789
                  9.9505                       134.39155
                  9.9604                       134.31544
                  9.9703                       134.23956
                  9.9802                       134.16391
                  9.9901                       134.08849
                      10                       134.01332

