
                     0.1                      -94.859596
                  0.1099                      -95.333093
                  0.1198                      -95.806006
                  0.1297                      -96.278525
                  0.1396                      -96.750785
                  0.1495                      -97.222877
                  0.1594                       -97.69487
                  0.1693                       -98.16681
                  0.1792                      -98.638731
                  0.1891                      -99.110656
                   0.199                      -99.582599
                  0.2089                      -100.05457
                  0.2188                      -100.52657
                  0.2287                      -100.99861
                  0.2386                      -101.47068
                  0.2485                      -101.94277
                  0.2584                      -102.41488
                  0.2683                        -102.887
                  0.2782                      -103.35913
                  0.2881                      -103.83125
                   0.298                      -104.30335
                  0.3079                      -104.77542
                  0.3178                      -105.24745
                  0.3277                      -105.71942
                  0.3376                      -106.19132
                  0.3475                      -106.66315
                  0.3574                      -107.13488
                  0.3673                       -107.6065
                  0.3772                        -108.078
                  0.3871                      -108.54937
                   0.397                      -109.02058
                  0.4069                      -109.49164
                  0.4168                      -109.96251
                  0.4267                       -110.4332
                  0.4366                      -110.90368
                  0.4465                      -111.37395
                  0.4564                      -111.84398
                  0.4663                      -112.31377
                  0.4762                       -112.7833
                  0.4861                      -113.25256
                   0.496                      -113.72153
                  0.5059                      -114.19021
                  0.5158                      -114.65857
                  0.5257                      -115.12661
                  0.5356                      -115.59432
                  0.5455                      -116.06168
                  0.5554                      -116.52868
                  0.5653                       -116.9953
                  0.5752                      -117.46155
                  0.5851                      -117.92739
                   0.595                      -118.39283
                  0.6049                      -118.85786
                  0.6148                      -119.32245
                  0.6247                       -119.7866
                  0.6346                      -120.25031
                  0.6445                      -120.71355
                  0.6544                      -121.17632
                  0.6643                      -121.63861
                  0.6742                      -122.10041
                  0.6841                      -122.56171
                   0.694                      -123.02251
                  0.7039                      -123.48278
                  0.7138                      -123.94253
                  0.7237                      -124.40174
                  0.7336                      -124.86041
                  0.7435                      -125.31853
                  0.7534                      -125.77608
                  0.7633                      -126.23307
                  0.7732                      -126.68949
                  0.7831                      -127.14532
                   0.793                      -127.60057
                  0.8029                      -128.05522
                  0.8128                      -128.50927
                  0.8227                      -128.96271
                  0.8326                      -129.41554
                  0.8425                      -129.86775
                  0.8524                      -130.31934
                  0.8623                      -130.77029
                  0.8722                      -131.22061
                  0.8821                      -131.67029
                   0.892                      -132.11932
                  0.9019                      -132.56771
                  0.9118                      -133.01544
                  0.9217                      -133.46252
                  0.9316                      -133.90893
                  0.9415                      -134.35468
                  0.9514                      -134.79976
                  0.9613                      -135.24418
                  0.9712                      -135.68792
                  0.9811                      -136.13098
                   0.991                      -136.57337
                  1.0009                      -137.01507
                  1.0108                      -137.45609
                  1.0207                      -137.89643
                  1.0306                      -138.33608
                  1.0405                      -138.77505
                  1.0504                      -139.21332
                  1.0603                      -139.65091
                  1.0702                      -140.08781
                  1.0801                      -140.52401
                    1.09                      -140.95952
                  1.0999                      -141.39434
                  1.1098                      -141.82847
                  1.1197                      -142.26191
                  1.1296                      -142.69466
                  1.1395                      -143.12671
                  1.1494                      -143.55808
                  1.1593                      -143.98875
                  1.1692                      -144.41874
                  1.1791                      -144.84803
                   1.189                      -145.27664
                  1.1989                      -145.70457
                  1.2088                      -146.13181
                  1.2187                      -146.55837
                  1.2286                      -146.98425
                  1.2385                      -147.40945
                  1.2484                      -147.83398
                  1.2583                      -148.25783
                  1.2682                      -148.68101
                  1.2781                      -149.10353
                   1.288                      -149.52537
                  1.2979                      -149.94655
                  1.3078                      -150.36708
                  1.3177                      -150.78694
                  1.3276                      -151.20615
                  1.3375                      -151.62471
                  1.3474                      -152.04263
                  1.3573                       -152.4599
                  1.3672                      -152.87653
                  1.3771                      -153.29252
                   1.387                      -153.70788
                  1.3969                      -154.12261
                  1.4068                      -154.53672
                  1.4167                       -154.9502
                  1.4266                      -155.36307
                  1.4365                      -155.77533
                  1.4464                      -156.18698
                  1.4563                      -156.59803
                  1.4662                      -157.00848
                  1.4761                      -157.41834
                   1.486                       -157.8276
                  1.4959                      -158.23629
                  1.5058                      -158.64439
                  1.5157                      -159.05192
                  1.5256                      -159.45888
                  1.5355                      -159.86528
                  1.5454                      -160.27112
                  1.5553                      -160.67641
                  1.5652                      -161.08114
                  1.5751                      -161.48534
                   1.585                        -161.889
                  1.5949                      -162.29213
                  1.6048                      -162.69473
                  1.6147                      -163.09681
                  1.6246                      -163.49838
                  1.6345                      -163.89944
                  1.6444                          -164.3
                  1.6543                      -164.70006
                  1.6642                      -165.09963
                  1.6741                      -165.49871
                   1.684                      -165.89732
                  1.6939                      -166.29545
                  1.7038                      -166.69312
                  1.7137                      -167.09032
                  1.7236                      -167.48708
                  1.7335                      -167.88338
                  1.7434                      -168.27924
                  1.7533                      -168.67467
                  1.7632                      -169.06967
                  1.7731                      -169.46425
                   1.783                      -169.85841
                  1.7929                      -170.25216
                  1.8028                       -170.6455
                  1.8127                      -171.03845
                  1.8226                      -171.43101
                  1.8325                      -171.82319
                  1.8424                      -172.21499
                  1.8523                      -172.60642
                  1.8622                      -172.99749
                  1.8721                       -173.3882
                   1.882                      -173.77856
                  1.8919                      -174.16857
                  1.9018                      -174.55825
                  1.9117                       -174.9476
                  1.9216                      -175.33662
                  1.9315                      -175.72533
                  1.9414                      -176.11373
                  1.9513                      -176.50183
                  1.9612                      -176.88963
                  1.9711                      -177.27714
                   1.981                      -177.66437
                  1.9909                      -178.05133
                  2.0008                      -178.43802
                  2.0107                      -178.82444
                  2.0206                      -179.21061
                  2.0305                      -179.59654
                  2.0404                      -179.98222
                  2.0503                       179.63233
                  2.0602                       179.24711
                  2.0701                        178.8621
                    2.08                       178.47731
                  2.0899                       178.09272
                  2.0998                       177.70833
                  2.1097                       177.32414
                  2.1196                       176.94012
                  2.1295                       176.55629
                  2.1394                       176.17262
                  2.1493                       175.78912
                  2.1592                       175.40577
                  2.1691                       175.02257
                   2.179                       174.63951
                  2.1889                       174.25659
                  2.1988                       173.87379
                  2.2087                       173.49111
                  2.2186                       173.10855
                  2.2285                       172.72609
                  2.2384                       172.34373
                  2.2483                       171.96146
                  2.2582                       171.57928
                  2.2681                       171.19717
                   2.278                       170.81513
                  2.2879                       170.43315
                  2.2978                       170.05123
                  2.3077                       169.66935
                  2.3176                       169.28752
                  2.3275                       168.90572
                  2.3374                       168.52394
                  2.3473                       168.14219
                  2.3572                       167.76044
                  2.3671                        167.3787
                   2.377                       166.99695
                  2.3869                        166.6152
                  2.3968                       166.23342
                  2.4067                       165.85162
                  2.4166                       165.46979
                  2.4265                       165.08792
                  2.4364                       164.70599
                  2.4463                       164.32402
                  2.4562                       163.94198
                  2.4661                       163.55987
                   2.476                       163.17768
                  2.4859                        162.7954
                  2.4958                       162.41303
                  2.5057                       162.03057
                  2.5156                       161.64799
                  2.5255                        161.2653
                  2.5354                       160.88248
                  2.5453                       160.49954
                  2.5552                       160.11645
                  2.5651                       159.73322
                   2.575                       159.34984
                  2.5849                       158.96629
                  2.5948                       158.58257
                  2.6047                       158.19868
                  2.6146                        157.8146
                  2.6245                       157.43032
                  2.6344                       157.04585
                  2.6443                       156.66117
                  2.6542                       156.27627
                  2.6641                       155.89114
                   2.674                       155.50578
                  2.6839                       155.12018
                  2.6938                       154.73433
                  2.7037                       154.34823
                  2.7136                       153.96186
                  2.7235                       153.57521
                  2.7334                       153.18829
                  2.7433                       152.80107
                  2.7532                       152.41356
                  2.7631                       152.02573
                   2.773                        151.6376
                  2.7829                       151.24914
                  2.7928                       150.86034
                  2.8027                       150.47121
                  2.8126                       150.08173
                  2.8225                       149.69188
                  2.8324                       149.30167
                  2.8423                       148.91109
                  2.8522                       148.52012
                  2.8621                       148.12876
                   2.872                       147.73699
                  2.8819                       147.34482
                  2.8918                       146.95222
                  2.9017                       146.55919
                  2.9116                       146.16572
                  2.9215                       145.77181
                  2.9314                       145.37744
                  2.9413                        144.9826
                  2.9512                       144.58728
                  2.9611                       144.19148
                   2.971                       143.79518
                  2.9809                       143.39837
                  2.9908                       143.00105
                  3.0007                        142.6032
                  3.0106                       142.20482
                  3.0205                       141.80589
                  3.0304                       141.40641
                  3.0403                       141.00635
                  3.0502                       140.60572
                  3.0601                       140.20451
                    3.07                       139.80269
                  3.0799                       139.40027
                  3.0898                       138.99722
                  3.0997                       138.59354
                  3.1096                       138.18923
                  3.1195                       137.78425
                  3.1294                       137.37862
                  3.1393                        136.9723
                  3.1492                        136.5653
                  3.1591                        136.1576
                   3.169                       135.74919
                  3.1789                       135.34005
                  3.1888                       134.93018
                  3.1987                       134.51956
                  3.2086                       134.10817
                  3.2185                       133.69602
                  3.2284                       133.28307
                  3.2383                       132.86933
                  3.2482                       132.45477
                  3.2581                       132.03939
                   3.268                       131.62317
                  3.2779                       131.20609
                  3.2878                       130.78815
                  3.2977                       130.36933
                  3.3076                       129.94961
                  3.3175                       129.52897
                  3.3274                       129.10742
                  3.3373                       128.68492
                  3.3472                       128.26147
                  3.3571                       127.83705
                   3.367                       127.41164
                  3.3769                       126.98523
                  3.3868                       126.55779
                  3.3967                       126.12933
                  3.4066                       125.69981
                  3.4165                       125.26923
                  3.4264                       124.83756
                  3.4363                       124.40478
                  3.4462                       123.97089
                  3.4561                       123.53585
                   3.466                       123.09966
                  3.4759                       122.66229
                  3.4858                       122.22373
                  3.4957                       121.78395
                  3.5056                       121.34294
                  3.5155                       120.90068
                  3.5254                       120.45714
                  3.5353                        120.0123
                  3.5452                       119.56615
                  3.5551                       119.11867
                   3.565                       118.66982
                  3.5749                       118.21959
                  3.5848                       117.76796
                  3.5947                        117.3149
                  3.6046                       116.86039
                  3.6145                        116.4044
                  3.6244                       115.94692
                  3.6343                       115.48791
                  3.6442                       115.02735
                  3.6541                       114.56522
                   3.664                       114.10149
                  3.6739                       113.63612
                  3.6838                       113.16911
                  3.6937                       112.70041
                  3.7036                          112.23
                  3.7135                       111.75785
                  3.7234                       111.28393
                  3.7333                        110.8082
                  3.7432                       110.33065
                  3.7531                       109.85124
                   3.763                       109.36993
                  3.7729                       108.88669
                  3.7828                        108.4015
                  3.7927                       107.91431
                  3.8026                       107.42509
                  3.8125                       106.93381
                  3.8224                       106.44043
                  3.8323                       105.94491
                  3.8422                       105.44721
                  3.8521                        104.9473
                   3.862                       104.44514
                  3.8719                       103.94069
                  3.8818                        103.4339
                  3.8917                       102.92474
                  3.9016                       102.41316
                  3.9115                       101.89912
                  3.9214                       101.38257
                  3.9313                       100.86347
                  3.9412                       100.34177
                  3.9511                       99.817429
                   3.961                       99.290391
                  3.9709                       98.760609
                  3.9808                       98.228033
                  3.9907                       97.692611
                  4.0006                       97.154289
                  4.0105                       96.613015
                  4.0204                       96.068733
                  4.0303                       95.521387
                  4.0402                       94.970918
                  4.0501                       94.417269
                    4.06                        93.86038
                  4.0699                       93.300188
                  4.0798                       92.736632
                  4.0897                       92.169647
                  4.0996                       91.599169
                  4.1095                       91.025129
                  4.1194                       90.447461
                  4.1293                       89.866094
                  4.1392                       89.280957
                  4.1491                       88.691979
                   4.159                       88.099084
                  4.1689                       87.502197
                  4.1788                       86.901241
                  4.1887                       86.296137
                  4.1986                       85.686805
                  4.2085                       85.073163
                  4.2184                       84.455127
                  4.2283                       83.832612
                  4.2382                       83.205531
                  4.2481                       82.573795
                   4.258                       81.937313
                  4.2679                       81.295995
                  4.2778                       80.649746
                  4.2877                        79.99847
                  4.2976                       79.342071
                  4.3075                       78.680449
                  4.3174                       78.013504
                  4.3273                       77.341133
                  4.3372                       76.663233
                  4.3471                       75.979698
                   4.357                       75.290421
                  4.3669                       74.595292
                  4.3768                       73.894201
                  4.3867                       73.187037
                  4.3966                       72.473685
                  4.4065                       71.754031
                  4.4164                       71.027959
                  4.4263                        70.29535
                  4.4362                       69.556087
                  4.4461                       68.810049
                   4.456                       68.057115
                  4.4659                       67.297164
                  4.4758                       66.530074
                  4.4857                        65.75572
                  4.4956                       64.973981
                  4.5055                        64.18473
                  4.5154                       63.387846
                  4.5253                       62.583203
                  4.5352                       61.770678
                  4.5451                       60.950148
                   4.555                       60.121491
                  4.5649                       59.284586
                  4.5748                       58.439313
                  4.5847                       57.585553
                  4.5946                       56.723191
                  4.6045                       55.852113
                  4.6144                       54.972207
                  4.6243                       54.083366
                  4.6342                       53.185485
                  4.6441                       52.278464
                   4.654                       51.362208
                  4.6639                       50.436625
                  4.6738                       49.501631
                  4.6837                       48.557145
                  4.6936                       47.603095
                  4.7035                       46.639416
                  4.7134                        45.66605
                  4.7233                       44.682948
                  4.7332                       43.690069
                  4.7431                       42.687384
                   4.753                       41.674872
                  4.7629                       40.652524
                  4.7728                       39.620342
                  4.7827                       38.578343
                  4.7926                       37.526554
                  4.8025                       36.465018
                  4.8124                        35.39379
                  4.8223                       34.312943
                  4.8322                       33.222563
                  4.8421                       32.122754
                   4.852                       31.013637
                  4.8619                        29.89535
                  4.8718                       28.768047
                  4.8817                       27.631902
                  4.8916                       26.487109
                  4.9015                       25.333878
                  4.9114                        24.17244
                  4.9213                       23.003043
                  4.9312                       21.825957
                  4.9411                        20.64147
                   4.951                       19.449887
                  4.9609                       18.251536
                  4.9708                       17.046759
                  4.9807                       15.835919
                  4.9906                       14.619394
                  5.0005                       13.397579
                  5.0104                       12.170888
                  5.0203                       10.939744
                  5.0302                       9.7045895
                  5.0401                        8.465876
                    5.05                       7.2240679
                  5.0599                       5.9796398
                  5.0698                       4.7330748
                  5.0797                       3.4848635
                  5.0896                       2.2355024
                  5.0995                       0.9854922
                  5.1094                     -0.26466361
                  5.1193                      -1.5144604
                  5.1292                      -2.7633942
                  5.1391                      -4.0109628
                   5.149                      -5.2566681
                  5.1589                       -6.500017
                  5.1688                      -7.7405233
                  5.1787                       -8.977709
                  5.1886                      -10.211106
                  5.1985                      -11.440257
                  5.2084                      -12.664716
                  5.2183                      -13.884053
                  5.2282                       -15.09785
                  5.2381                      -16.305706
                   5.248                      -17.507234
                  5.2579                      -18.702067
                  5.2678                      -19.889854
                  5.2777                      -21.070262
                  5.2876                      -22.242977
                  5.2975                      -23.407705
                  5.3074                       -24.56417
                  5.3173                      -25.712114
                  5.3272                        -26.8513
                  5.3371                       -27.98151
                   5.347                      -29.102545
                  5.3569                      -30.214224
                  5.3668                      -31.316384
                  5.3767                      -32.408882
                  5.3866                       -33.49159
                  5.3965                      -34.564398
                  5.4064                      -35.627215
                  5.4163                      -36.679962
                  5.4262                      -37.722578
                  5.4361                      -38.755015
                   5.446                      -39.777241
                  5.4559                      -40.789236
                  5.4658                      -41.790992
                  5.4757                      -42.782515
                  5.4856                      -43.763821
                  5.4955                      -44.734937
                  5.5054                      -45.695901
                  5.5153                      -46.646758
                  5.5252                      -47.587564
                  5.5351                      -48.518381
                   5.545                      -49.439281
                  5.5549                       -50.35034
                  5.5648                      -51.251642
                  5.5747                      -52.143278
                  5.5846                      -53.025341
                  5.5945                       -53.89793
                  5.6044                       -54.76115
                  5.6143                      -55.615107
                  5.6242                      -56.459913
                  5.6341                       -57.29568
                   5.644                      -58.122525
                  5.6539                      -58.940566
                  5.6638                      -59.749922
                  5.6737                      -60.550716
                  5.6836                       -61.34307
                  5.6935                      -62.127108
                  5.7034                      -62.902954
                  5.7133                      -63.670732
                  5.7232                      -64.430567
                  5.7331                      -65.182585
                   5.743                      -65.926909
                  5.7529                      -66.663665
                  5.7628                      -67.392975
                  5.7727                      -68.114962
                  5.7826                      -68.829749
                  5.7925                      -69.537457
                  5.8024                      -70.238205
                  5.8123                      -70.932113
                  5.8222                      -71.619299
                  5.8321                      -72.299879
                   5.842                      -72.973967
                  5.8519                      -73.641678
                  5.8618                      -74.303124
                  5.8717                      -74.958414
                  5.8816                      -75.607657
                  5.8915                      -76.250962
                  5.9014                      -76.888433
                  5.9113                      -77.520175
                  5.9212                      -78.146289
                  5.9311                      -78.766877
                   5.941                      -79.382037
                  5.9509                      -79.991865
                  5.9608                      -80.596459
                  5.9707                       -81.19591
                  5.9806                      -81.790312
                  5.9905                      -82.379754
                  6.0004                      -82.964326
                  6.0103                      -83.544113
                  6.0202                      -84.119201
                  6.0301                      -84.689675
                    6.04                      -85.255615
                  6.0499                      -85.817102
                  6.0598                      -86.374215
                  6.0697                      -86.927031
                  6.0796                      -87.475625
                  6.0895                      -88.020073
                  6.0994                      -88.560446
                  6.1093                      -89.096815
                  6.1192                      -89.629251
                  6.1291                       -90.15782
                   6.139                      -90.682592
                  6.1489                       -91.20363
                  6.1588                      -91.720998
                  6.1687                       -92.23476
                  6.1786                      -92.744978
                  6.1885                       -93.25171
                  6.1984                      -93.755016
                  6.2083                      -94.254954
                  6.2182                       -94.75158
                  6.2281                       -95.24495
                   6.238                      -95.735117
                  6.2479                      -96.222135
                  6.2578                      -96.706056
                  6.2677                      -97.186929
                  6.2776                      -97.664806
                  6.2875                      -98.139735
                  6.2974                      -98.611762
                  6.3073                      -99.080936
                  6.3172                      -99.547302
                  6.3271                       -100.0109
                   6.337                      -100.47179
                  6.3469                      -100.92999
                  6.3568                      -101.38556
                  6.3667                      -101.83854
                  6.3766                      -102.28897
                  6.3865                      -102.73688
                  6.3964                      -103.18232
                  6.4063                      -103.62532
                  6.4162                      -104.06591
                  6.4261                      -104.50415
                   6.436                      -104.94006
                  6.4459                      -105.37367
                  6.4558                      -105.80503
                  6.4657                      -106.23416
                  6.4756                       -106.6611
                  6.4855                      -107.08588
                  6.4954                      -107.50853
                  6.5053                      -107.92908
                  6.5152                      -108.34756
                  6.5251                      -108.76401
                   6.535                      -109.17845
                  6.5449                      -109.59091
                  6.5548                      -110.00141
                  6.5647                      -110.40999
                  6.5746                      -110.81668
                  6.5845                      -111.22149
                  6.5944                      -111.62446
                  6.6043                      -112.02561
                  6.6142                      -112.42496
                  6.6241                      -112.82254
                   6.634                      -113.21838
                  6.6439                      -113.61249
                  6.6538                       -114.0049
                  6.6637                      -114.39564
                  6.6736                      -114.78472
                  6.6835                      -115.17217
                  6.6934                      -115.55801
                  6.7033                      -115.94225
                  6.7132                      -116.32493
                  6.7231                      -116.70606
                   6.733                      -117.08566
                  6.7429                      -117.46375
                  6.7528                      -117.84034
                  6.7627                      -118.21547
                  6.7726                      -118.58914
                  6.7825                      -118.96138
                  6.7924                      -119.33221
                  6.8023                      -119.70163
                  6.8122                      -120.06967
                  6.8221                      -120.43634
                   6.832                      -120.80167
                  6.8419                      -121.16567
                  6.8518                      -121.52835
                  6.8617                      -121.88973
                  6.8716                      -122.24983
                  6.8815                      -122.60865
                  6.8914                      -122.96623
                  6.9013                      -123.32257
                  6.9112                      -123.67768
                  6.9211                      -124.03158
                   6.931                      -124.38429
                  6.9409                      -124.73582
                  6.9508                      -125.08617
                  6.9607                      -125.43538
                  6.9706                      -125.78344
                  6.9805                      -126.13038
                  6.9904                       -126.4762
                  7.0003                      -126.82092
                  7.0102                      -127.16455
                  7.0201                       -127.5071
                    7.03                      -127.84859
                  7.0399                      -128.18902
                  7.0498                      -128.52841
                  7.0597                      -128.86678
                  7.0696                      -129.20412
                  7.0795                      -129.54046
                  7.0894                       -129.8758
                  7.0993                      -130.21015
                  7.1092                      -130.54353
                  7.1191                      -130.87595
                   7.129                      -131.20742
                  7.1389                      -131.53794
                  7.1488                      -131.86753
                  7.1587                      -132.19619
                  7.1686                      -132.52394
                  7.1785                      -132.85079
                  7.1884                      -133.17675
                  7.1983                      -133.50182
                  7.2082                      -133.82602
                  7.2181                      -134.14935
                   7.228                      -134.47183
                  7.2379                      -134.79346
                  7.2478                      -135.11425
                  7.2577                      -135.43421
                  7.2676                      -135.75335
                  7.2775                      -136.07168
                  7.2874                       -136.3892
                  7.2973                      -136.70593
                  7.3072                      -137.02187
                  7.3171                      -137.33703
                   7.327                      -137.65143
                  7.3369                      -137.96505
                  7.3468                      -138.27793
                  7.3567                      -138.59005
                  7.3666                      -138.90144
                  7.3765                      -139.21209
                  7.3864                      -139.52202
                  7.3963                      -139.83123
                  7.4062                      -140.13974
                  7.4161                      -140.44754
                   7.426                      -140.75464
                  7.4359                      -141.06105
                  7.4458                      -141.36679
                  7.4557                      -141.67185
                  7.4656                      -141.97624
                  7.4755                      -142.27997
                  7.4854                      -142.58304
                  7.4953                      -142.88547
                  7.5052                      -143.18726
                  7.5151                      -143.48841
                   7.525                      -143.78893
                  7.5349                      -144.08883
                  7.5448                      -144.38812
                  7.5547                       -144.6868
                  7.5646                      -144.98487
                  7.5745                      -145.28234
                  7.5844                      -145.57923
                  7.5943                      -145.87553
                  7.6042                      -146.17125
                  7.6141                       -146.4664
                   7.624                      -146.76097
                  7.6339                      -147.05499
                  7.6438                      -147.34845
                  7.6537                      -147.64136
                  7.6636                      -147.93373
                  7.6735                      -148.22556
                  7.6834                      -148.51685
                  7.6933                      -148.80761
                  7.7032                      -149.09785
                  7.7131                      -149.38758
                   7.723                      -149.67679
                  7.7329                      -149.96549
                  7.7428                      -150.25369
                  7.7527                       -150.5414
                  7.7626                      -150.82861
                  7.7725                      -151.11534
                  7.7824                      -151.40158
                  7.7923                      -151.68735
                  7.8022                      -151.97265
                  7.8121                      -152.25748
                   7.822                      -152.54184
                  7.8319                      -152.82576
                  7.8418                      -153.10921
                  7.8517                      -153.39223
                  7.8616                      -153.67479
                  7.8715                      -153.95692
                  7.8814                      -154.23862
                  7.8913                      -154.51989
                  7.9012                      -154.80073
                  7.9111                      -155.08116
                   7.921                      -155.36117
                  7.9309                      -155.64076
                  7.9408                      -155.91996
                  7.9507                      -156.19875
                  7.9606                      -156.47714
                  7.9705                      -156.75514
                  7.9804                      -157.03275
                  7.9903                      -157.30997
                  8.0002                      -157.58682
                  8.0101                      -157.86329
                    8.02                      -158.13939
                  8.0299                      -158.41512
                  8.0398                      -158.69048
                  8.0497                      -158.96549
                  8.0596                      -159.24014
                  8.0695                      -159.51445
                  8.0794                       -159.7884
                  8.0893                      -160.06201
                  8.0992                      -160.33528
                  8.1091                      -160.60822
                   8.119                      -160.88083
                  8.1289                       -161.1531
                  8.1388                      -161.42506
                  8.1487                      -161.69669
                  8.1586                      -161.96801
                  8.1685                      -162.23902
                  8.1784                      -162.50972
                  8.1883                      -162.78012
                  8.1982                      -163.05022
                  8.2081                      -163.32001
                   8.218                      -163.58952
                  8.2279                      -163.85874
                  8.2378                      -164.12767
                  8.2477                      -164.39632
                  8.2576                      -164.66469
                  8.2675                      -164.93279
                  8.2774                      -165.20061
                  8.2873                      -165.46817
                  8.2972                      -165.73547
                  8.3071                       -166.0025
                   8.317                      -166.26928
                  8.3269                      -166.53581
                  8.3368                      -166.80208
                  8.3467                      -167.06811
                  8.3566                       -167.3339
                  8.3665                      -167.59944
                  8.3764                      -167.86476
                  8.3863                      -168.12983
                  8.3962                      -168.39469
                  8.4061                      -168.65931
                   8.416                      -168.92371
                  8.4259                       -169.1879
                  8.4358                      -169.45186
                  8.4457                      -169.71562
                  8.4556                      -169.97917
                  8.4655                      -170.24251
                  8.4754                      -170.50565
                  8.4853                      -170.76859
                  8.4952                      -171.03133
                  8.5051                      -171.29388
                   8.515                      -171.55624
                  8.5249                      -171.81842
                  8.5348                      -172.08041
                  8.5447                      -172.34223
                  8.5546                      -172.60387
                  8.5645                      -172.86533
                  8.5744                      -173.12662
                  8.5843                      -173.38775
                  8.5942                      -173.64871
                  8.6041                      -173.90951
                   8.614                      -174.17016
                  8.6239                      -174.43065
                  8.6338                      -174.69099
                  8.6437                      -174.95118
                  8.6536                      -175.21122
                  8.6635                      -175.47112
                  8.6734                      -175.73088
                  8.6833                      -175.99051
                  8.6932                         -176.25
                  8.7031                      -176.50936
                   8.713                       -176.7686
                  8.7229                      -177.02771
                  8.7328                       -177.2867
                  8.7427                      -177.54557
                  8.7526                      -177.80432
                  8.7625                      -178.06297
                  8.7724                       -178.3215
                  8.7823                      -178.57993
                  8.7922                      -178.83825
                  8.8021                      -179.09647
                   8.812                      -179.35459
                  8.8219                      -179.61262
                  8.8318                      -179.87055
                  8.8417                        179.8716
                  8.8516                       179.61384
                  8.8615                       179.35617
                  8.8714                       179.09857
                  8.8813                       178.84106
                  8.8912                       178.58362
                  8.9011                       178.32625
                   8.911                       178.06895
                  8.9209                       177.81172
                  8.9308                       177.55455
                  8.9407                       177.29745
                  8.9506                        177.0404
                  8.9605                       176.78341
                  8.9704                       176.52647
                  8.9803                       176.26959
                  8.9902                       176.01275
                  9.0001                       175.75596
                    9.01                       175.49921
                  9.0199                        175.2425
                  9.0298                       174.98583
                  9.0397                       174.72919
                  9.0496                       174.47258
                  9.0595                         174.216
                  9.0694                       173.95945
                  9.0793                       173.70293
                  9.0892                       173.44642
                  9.0991                       173.18993
                   9.109                       172.93346
                  9.1189                       172.67701
                  9.1288                       172.42056
                  9.1387                       172.16413
                  9.1486                       171.90769
                  9.1585                       171.65127
                  9.1684                       171.39484
                  9.1783                       171.13841
                  9.1882                       170.88198
                  9.1981                       170.62554
                   9.208                       170.36909
                  9.2179                       170.11263
                  9.2278                       169.85615
                  9.2377                       169.59966
                  9.2476                       169.34315
                  9.2575                       169.08662
                  9.2674                       168.83006
                  9.2773                       168.57348
                  9.2872                       168.31687
                  9.2971                       168.06022
                   9.307                       167.80354
                  9.3169                       167.54683
                  9.3268                       167.29008
                  9.3367                       167.03328
                  9.3466                       166.77645
                  9.3565                       166.51956
                  9.3664                       166.26263
                  9.3763                       166.00565
                  9.3862                       165.74862
                  9.3961                       165.49153
                   9.406                       165.23438
                  9.4159                       164.97717
                  9.4258                       164.71991
                  9.4357                       164.46257
                  9.4456                       164.20517
                  9.4555                        163.9477
                  9.4654                       163.69016
                  9.4753                       163.43255
                  9.4852                       163.17486
                  9.4951                       162.91709
                   9.505                       162.65925
                  9.5149                       162.40132
                  9.5248                        162.1433
                  9.5347                        161.8852
                  9.5446                       161.62701
                  9.5545                       161.36873
                  9.5644                       161.11035
                  9.5743                       160.85188
                  9.5842                       160.59331
                  9.5941                       160.33465
                   9.604                       160.07588
                  9.6139                         159.817
                  9.6238                       159.55802
                  9.6337                       159.29894
                  9.6436                       159.03974
                  9.6535                       158.78043
                  9.6634                         158.521
                  9.6733                       158.26146
                  9.6832                        158.0018
                  9.6931                       157.74202
                   9.703                       157.48212
                  9.7129                       157.22209
                  9.7228                       156.96194
                  9.7327                       156.70166
                  9.7426                       156.44125
                  9.7525                        156.1807
                  9.7624                       155.92002
                  9.7723                       155.65921
                  9.7822                       155.39826
                  9.7921                       155.13716
                   9.802                       154.87593
                  9.8119                       154.61455
                  9.8218                       154.35303
                  9.8317                       154.09135
                  9.8416                       153.82953
                  9.8515                       153.56756
                  9.8614                       153.30543
                  9.8713                       153.04315
                  9.8812                       152.78072
                  9.8911                       152.51812
                   9.901                       152.25537
                  9.9109                       151.99245
                  9.9208                       151.72937
                  9.9307                       151.46612
                  9.9406                       151.20271
                  9.9505                       150.93912
                  9.9604                       150.67537
                  9.9703                       150.41145
                  9.9802                       150.14735
                  9.9901                       149.88307
                      10                       149.61862

